1.608585974252941242e+03
1.607423518317132903e+03
1.610091132069486548e+03
1.601180009367879393e+03
1.603106118876272149e+03
1.607820260756254584e+03
1.605015801703993247e+03
1.603253345392144411e+03
1.600326307645174893e+03
1.601690293368729272e+03
1.610800266599789438e+03
1.601177243126640860e+03
1.607196092417206046e+03
1.644988252940328493e+03
1.593615483322308364e+03
1.634078689572150552e+03
1.610740845049577729e+03
1.583770975115493684e+03
1.599428678690765537e+03
1.589751800669626164e+03
1.597593794774133812e+03
1.619906669043237343e+03
1.611647646119761475e+03
1.610077618900282687e+03
1.610105998976958062e+03
1.630109328016825430e+03
1.605147040976143217e+03
1.604935292240583067e+03
1.622298479158348982e+03
1.602722556437112644e+03
1.601243141714357080e+03
1.622589476688765217e+03
1.628824534737210797e+03
1.660127223953070370e+03
1.608782384401276204e+03
1.612055876474676779e+03
1.575249565925138995e+03
1.620753527367225388e+03
1.616919329250586316e+03
1.662518826147191248e+03
1.589041164001903098e+03
1.606035659439261963e+03
1.583256032032561507e+03
1.614665263987873914e+03
1.648347180485373883e+03
1.608058008104180999e+03
1.641740574095538022e+03
1.647804376694075245e+03
1.667768949930344661e+03
1.582553520977097833e+03
1.621734974474954697e+03
1.628305483305852931e+03
1.606690996561349493e+03
1.645372952927501274e+03
1.615636082985865414e+03
1.612575839659218673e+03
1.599891292066491360e+03
1.602574718591377632e+03
1.622952263987809147e+03
1.630955692308733887e+03
1.681757105502942295e+03
1.610026250368252704e+03
1.641466176074806071e+03
1.577275744503601800e+03
1.644559842015513595e+03
1.669381831923908749e+03
1.608375024869184472e+03
1.670570397940399971e+03
1.613013834475772683e+03
1.627042123568164925e+03
1.649665925406973884e+03
1.665050375228227267e+03
1.637442933576897303e+03
1.673870194984542650e+03
1.669615655256607852e+03
1.666886514861566639e+03
1.606567738692171133e+03
1.616636677060118245e+03
1.698746307920058825e+03
1.580551785073104384e+03
1.602415071953730376e+03
1.669219127816458922e+03
1.606238108206708375e+03
1.626728795457336901e+03
1.611128851291412957e+03
1.621186776046913792e+03
1.668759806079616283e+03
1.659594108519437214e+03
1.565200422555255045e+03
1.617887736512823494e+03
1.639887207552678092e+03
1.567357281403639263e+03
1.677148929101439762e+03
1.617484216462541326e+03
1.695512711690881815e+03
1.596778494521990751e+03
1.648954209160488062e+03
1.653831673254159114e+03
1.654230953883731445e+03
1.581270912863016747e+03
1.651467214335187236e+03
