1.236132294769888404e+03
1.239182987228599131e+03
1.236130586344393578e+03
1.239878350585344606e+03
1.242546377529488382e+03
1.241757171106083661e+03
1.244412573007230549e+03
1.236707397121579106e+03
1.245624136014060468e+03
1.239814748898658536e+03
1.239271836854877165e+03
1.232860276916153907e+03
1.236971914367167301e+03
1.215713836203559140e+03
1.236415776674282597e+03
1.215167567884304617e+03
1.229765777871525870e+03
1.255907268384161853e+03
1.240155473135854209e+03
1.243161256103165897e+03
1.236053065910027499e+03
1.237082152016770351e+03
1.265558593450291482e+03
1.246470633188259171e+03
1.245862040930240937e+03
1.215223046926663756e+03
1.253660144267722444e+03
1.241138877292027473e+03
1.229099753671401004e+03
1.247097924055165095e+03
1.245792362915776266e+03
1.231845210114140627e+03
1.240399393600832582e+03
1.247744862463373693e+03
1.237891075088685966e+03
1.220218075482351423e+03
1.247241920856742354e+03
1.261527261001161605e+03
1.266187307669327765e+03
1.281731520215304045e+03
1.239417078313604634e+03
1.255774580769922750e+03
1.227926209070963296e+03
1.235431897610128544e+03
1.190757324598108880e+03
1.221113805593879306e+03
1.194477971369038642e+03
1.251380116733365867e+03
1.205616522652071581e+03
1.245239998022565260e+03
1.214597182072243641e+03
1.193250825831908514e+03
1.207742849928422402e+03
1.229094842412711841e+03
1.268664546809248350e+03
1.265254230342083702e+03
1.221873349207188767e+03
1.255752691592552992e+03
1.273045103970530363e+03
1.254340223446301252e+03
1.184265263130811263e+03
1.223249843128483917e+03
1.205594140165106182e+03
1.250365093592745552e+03
1.230920956720465483e+03
1.217688378875187482e+03
1.238672483111147358e+03
1.234401455874883368e+03
1.215968326692866640e+03
1.257181901038858996e+03
1.273057952397272402e+03
1.207032328651753687e+03
1.250600197172773733e+03
1.183016334755809112e+03
1.221797971184701055e+03
1.236024559708852166e+03
1.230496607717625466e+03
1.225392173859949935e+03
1.209383302511750344e+03
1.209403329973184327e+03
1.237652163330892108e+03
1.196812493785843344e+03
1.245251665932873948e+03
1.250932527127120011e+03
1.249050901681680216e+03
1.260470093232269846e+03
1.260928765507566141e+03
1.248928589910494111e+03
1.245989604059315980e+03
1.236243575076202660e+03
1.273346336207094282e+03
1.228423820715868487e+03
1.189947533339985284e+03
1.191777566722944584e+03
1.171249156152515297e+03
1.259987954716828426e+03
1.189609868934642009e+03
1.261577250775718312e+03
1.214312198220198752e+03
1.197467424691692486e+03
1.202403287097497241e+03
