2.668134699415515115e+03
2.668207026726328877e+03
2.667987319232140635e+03
2.668201946849449541e+03
2.668463538368055652e+03
2.668048769691272355e+03
2.668256254249580252e+03
2.668158839216378965e+03
2.668279892291869146e+03
2.668290424188355246e+03
2.667943391986534152e+03
2.667772923817675746e+03
2.667861914322200391e+03
2.667504683472895067e+03
2.668161244808486117e+03
2.667507187446653461e+03
2.667984083746352098e+03
2.668852851227889914e+03
2.667976694009581934e+03
2.668628460007805643e+03
2.668228096231667678e+03
2.667743631653168904e+03
2.668191051478283043e+03
2.668386374156043075e+03
2.668191896493699915e+03
2.667634725544209232e+03
2.667834171084714399e+03
2.668318496937258715e+03
2.667880873884543689e+03
2.667560094403209860e+03
2.668350801953768496e+03
2.667253028716898825e+03
2.667348037786934583e+03
2.667614425816440871e+03
2.667960562871296588e+03
2.667727384499885375e+03
2.669501330238426362e+03
2.667763695540693334e+03
2.667845891983697129e+03
2.668859122503370600e+03
2.668380488489153322e+03
2.668500497266115417e+03
2.668175488340069933e+03
2.667868251734187652e+03
2.668274466352569107e+03
2.667643164187694310e+03
2.668231067262692704e+03
2.668651982078819401e+03
2.668299307482944187e+03
2.668275028956450114e+03
2.667482395015103975e+03
2.667198823653861837e+03
2.667538470658129881e+03
2.667698919001376453e+03
2.668075734152473615e+03
2.667646066644816983e+03
2.668440021151611745e+03
2.668564310813692373e+03
2.667871670152417664e+03
2.666985006336005881e+03
2.669381195768629368e+03
2.668215033744808807e+03
2.667297048206251020e+03
2.668271274041394918e+03
2.667936479254244659e+03
2.666528844507539361e+03
2.667810103735162556e+03
2.668553206427590794e+03
2.667895939097961218e+03
2.667944866781763267e+03
2.668544832537602360e+03
2.667545649290455458e+03
2.667068022397456843e+03
2.667508671582846091e+03
2.666702021706797041e+03
2.668162945670050249e+03
2.668170828412146420e+03
2.667401013890875674e+03
2.668987397111042355e+03
2.668933855380736077e+03
2.665940983984767627e+03
2.668999252915348279e+03
2.667110768835784711e+03
2.668785648620552820e+03
2.667988592218986469e+03
2.667829548811904715e+03
2.669410999828452987e+03
2.668215896968508787e+03
2.671945470195092639e+03
2.668367610144910941e+03
2.667575556556485026e+03
2.668838256392788026e+03
2.667803170828856310e+03
2.668322553440320007e+03
2.670164925591538577e+03
2.669217957621192909e+03
2.666381394173952231e+03
2.668473409806771997e+03
2.668376967074647837e+03
2.669021667361434538e+03
2.669081858384084626e+03
