2.668085520174240628e+03
2.668109854449747218e+03
2.668081738377637976e+03
2.668207705632235957e+03
2.668300750996115312e+03
2.668134115128067151e+03
2.668141573848431108e+03
2.668118478690284519e+03
2.668329286990655874e+03
2.668276285874271707e+03
2.667956361880470922e+03
2.668122474611110192e+03
2.668335622343365230e+03
2.667853812882387956e+03
2.668306095620935139e+03
2.667750211413091165e+03
2.667553533861133474e+03
2.668723984315520738e+03
2.667891628035527447e+03
2.668659862247245201e+03
2.668269830947683204e+03
2.667684124376278305e+03
2.668778339523627892e+03
2.668558090752217140e+03
2.668365542572759296e+03
2.667900096830477196e+03
2.668101018872271652e+03
2.668249942000841202e+03
2.667468781826313261e+03
2.667552075941315707e+03
2.668778720090533625e+03
2.667468635575443841e+03
2.667905855222138143e+03
2.667810656346937776e+03
2.668322051984308473e+03
2.667832032114411959e+03
2.669116967491370360e+03
2.667862048242486708e+03
2.667134976428099890e+03
2.668991676077052034e+03
2.668116857870596959e+03
2.668177681264391140e+03
2.668138027865777076e+03
2.667726502585194339e+03
2.668963836632085986e+03
2.668396916237417827e+03
2.668311967900229774e+03
2.668931734085432254e+03
2.668682543215392343e+03
2.668779304787352430e+03
2.668391264430656520e+03
2.669047188247322083e+03
2.667545566223699552e+03
2.667927247896949211e+03
2.668848115732510450e+03
2.667650166423100018e+03
2.668262264737219539e+03
2.668525288857611031e+03
2.668499494670939839e+03
2.666850934855577634e+03
2.668665863677895231e+03
2.667690526180693723e+03
2.666869083738619338e+03
2.668005874244250663e+03
2.667917310327252835e+03
2.666554544168656776e+03
2.667490166982934170e+03
2.668838675002548371e+03
2.667262271537215838e+03
2.667584169031118563e+03
2.668001967138434338e+03
2.669470488091227708e+03
2.667317248053946969e+03
2.669654063365440379e+03
2.668266046995566285e+03
2.668385380575406543e+03
2.667928039483490465e+03
2.667349988368515824e+03
2.667722154241945645e+03
2.670419244018169138e+03
2.665242559979756152e+03
2.668516609543713002e+03
2.667962616290839833e+03
2.669699792286323827e+03
2.669034666406777433e+03
2.667540950937785055e+03
2.670237272333489727e+03
2.666588992847503505e+03
2.671529753718802112e+03
2.668419446857079947e+03
2.669194484846816067e+03
2.669561316031087244e+03
2.667299728708341718e+03
2.668757359207004811e+03
2.670538959619797879e+03
2.668868294728007641e+03
2.666627030825715337e+03
2.669508457593930871e+03
2.668191161695910978e+03
2.669092414488593931e+03
2.670413877528961621e+03
