-1.985457712662883501e-03
-2.094952576376179609e-03
-2.052328669578262592e-03
-1.847793054684501420e-03
-2.324889612834413113e-03
-1.835149150122380134e-03
-2.018837565839016589e-03
-2.090252575498253561e-03
-1.818480561209613209e-03
-1.883807519225208114e-03
-1.730221050280181380e-03
-1.676486232337370732e-03
-1.656056128361231734e-03
-2.149415631911183976e-03
-1.807203405827543510e-03
-1.940808424888789763e-03
-1.596022450991065565e-03
-1.479570351697657689e-03
-1.646684386604578250e-03
-8.580236430173260927e-04
-1.870568974017135797e-03
-2.339146662153562730e-03
-7.142611977055918042e-04
-2.621642954124552786e-03
-2.801841074149949862e-03
-2.381382960211801594e-03
-1.951577150547693582e-03
-3.142081267646858363e-03
-2.463885301494368393e-03
-1.071814429646461998e-03
-3.122431557577584095e-03
-1.056813577777969762e-03
-1.038365293920409356e-03
-2.565635413952032946e-03
-1.603653673834440309e-03
-2.261908547313074610e-03
-3.960757341136696662e-04
-5.068786424770514807e-04
-3.215418281906754720e-03
-2.064354815428182024e-03
-1.747832065129827040e-03
-3.629826489011018370e-03
-1.021610255253756552e-03
-2.580866319943169417e-03
-4.055588753671315189e-03
-2.461463247878704214e-03
-3.639814515646931734e-03
-3.449129797156076389e-03
-1.899250063366805623e-03
7.821820285032611390e-04
-2.549412901583249062e-03
-5.651228061459870290e-04
-3.056571178104981832e-03
-2.459561494764598948e-03
-6.496391106177349696e-03
-3.360206997366968224e-03
-3.461900510712477910e-03
-2.847270660005279432e-03
-2.718947651060822646e-03
-9.616574480583380295e-04
-4.495468187242912875e-03
-5.588794376249886509e-03
-2.730659192253860265e-03
-7.198281759540147524e-04
-3.049587605379617834e-03
1.745329629728626123e-04
-6.187873930543523948e-04
-5.324085783062568883e-03
-5.381140427149175808e-03
-1.782114603764694064e-03
-4.365800893010772510e-03
-2.882693324595767773e-03
-2.253728216462483770e-03
1.119148372037477145e-03
-4.744616604199374671e-03
-1.113978622855801284e-03
-2.505931488085766119e-03
-3.100856465573738341e-03
-3.963188920158837447e-03
-9.666611782826044523e-04
3.781016613369756786e-03
-4.885123763329520148e-03
-2.525893912946317044e-03
-3.774833490745269516e-03
-2.152464350434146311e-03
8.521207753445275614e-04
-2.462824711812351425e-03
-4.244568054167596402e-03
-1.516621709572500004e-02
-4.931567382608165184e-03
-1.957282204483328566e-03
3.148817144746949171e-03
-1.102498897264596106e-03
-1.868577876366613348e-03
-9.554569529472029541e-04
-4.829489982164456713e-04
-1.009172728273986710e-03
-4.524537842640224440e-03
-2.617811772304386511e-03
2.059693616846141034e-03
-3.614478283378907975e-03
