3.195250268099437269e-02
3.285284417019315728e-02
3.254005713545201489e-02
3.110106075421789629e-02
3.449979749037972165e-02
3.133723863435702861e-02
3.263538757791087375e-02
3.327683435916629906e-02
3.099647776256601178e-02
3.056952909581896888e-02
3.138348496836528695e-02
3.161758950214333536e-02
2.993340491912101914e-02
3.255480141167357150e-02
3.133335084340404392e-02
3.193150213979609187e-02
2.831813109306076034e-02
3.078138811348839557e-02
3.017001644602602256e-02
2.465957068987257444e-02
3.137246815060206612e-02
3.452289540601781448e-02
2.089278450112284219e-02
3.870467798131897730e-02
4.129791087714431569e-02
3.387826171494730254e-02
3.552845746915073849e-02
4.073374858649579655e-02
3.589892186079508135e-02
2.632316143502696701e-02
4.365014589899030018e-02
2.515960745037185142e-02
2.259518209223975935e-02
3.666755550506221872e-02
3.008532220236184024e-02
3.580583902510270367e-02
2.811202901667754842e-02
1.930521301843190346e-02
4.358274008773047048e-02
4.117591802660948430e-02
3.141652124773339216e-02
4.943432124094295638e-02
2.840004469177096966e-02
3.753500765089914926e-02
4.722248282912316908e-02
3.528855747683695698e-02
4.400280345438405127e-02
4.554779373964461253e-02
3.519858924491667956e-02
1.554612461317831339e-02
4.022518568513592380e-02
2.143818302255686911e-02
4.299345664285532387e-02
3.731304342759573373e-02
7.014163402038814388e-02
4.809577478368258496e-02
4.540313639309064009e-02
4.203027631776262707e-02
3.967559164267559640e-02
3.302607322394565670e-02
4.666873641932055977e-02
5.939171703641006606e-02
3.565782759507576949e-02
2.896863735297629597e-02
3.568007223452627358e-02
2.925133956721180303e-02
2.992622632919353723e-02
5.310748681448946434e-02
5.921293797977426193e-02
2.669193345807027370e-02
5.174958238562381990e-02
3.627926608764870525e-02
3.836040994937493093e-02
1.397213395352308977e-02
5.317053270713693186e-02
2.583479098137062696e-02
4.389249830387225576e-02
3.685758314657633372e-02
5.130026901264271577e-02
3.533676063325624089e-02
5.472581541847984683e-03
4.233891493956914304e-02
3.434983215078862839e-02
4.301349792616478152e-02
3.621192370800822846e-02
2.463391986393594513e-03
3.105869576714690578e-02
4.486254951243005828e-02
1.347138665806232039e-01
5.887338255317115659e-02
3.754226274329405116e-02
1.340477367658297111e-03
3.253851887227823814e-02
3.682677167409934005e-02
1.912178535287037406e-02
1.801483262196946350e-02
3.964083483693510435e-02
5.129019941404035221e-02
4.280455116693668294e-02
2.224778114841004066e-03
4.422113257146948612e-02
