-3.068309612087428626e-02
-3.260863654486114566e-02
-3.263758796927229006e-02
-2.802564849863777713e-02
-3.519194236197797920e-02
-3.037387744404012810e-02
-3.285435910548242106e-02
-3.469751365839819635e-02
-2.882734976555844167e-02
-2.553437366120868413e-02
-3.145964815093436895e-02
-3.230265197525900023e-02
-2.563384785884761236e-02
-3.353512959041608787e-02
-2.902603991235597550e-02
-3.441688295994614621e-02
-2.391972516296768381e-02
-2.843911799677149507e-02
-3.000358525378329921e-02
-1.239697823933286029e-02
-2.933345058339313985e-02
-3.834275216811188630e-02
-2.856321727643555859e-03
-5.014642011965406154e-02
-5.640589814068694419e-02
-3.627550102597615345e-02
-4.555169575106890467e-02
-4.971970588489437598e-02
-4.457168713500448548e-02
-2.159859897759322175e-02
-5.974860388571600484e-02
-1.785579901395738592e-02
-1.166038191778048273e-02
-4.553813204362149036e-02
-2.612873302055453845e-02
-4.210030392922777670e-02
-2.624074310573787372e-02
-4.636260762775682581e-03
-6.631696605022630031e-02
-6.177267885281992332e-02
-3.193943841842666193e-02
-7.764507707995289831e-02
-2.650977406140209158e-02
-4.888884688208300355e-02
-6.514779020280588029e-02
-3.753848372426573515e-02
-5.704659387705516421e-02
-6.430325574745081318e-02
-4.486457177202128610e-02
-2.401151135375007451e-03
-5.808743079981232293e-02
-6.322317016746412457e-03
-6.519686305368110890e-02
-4.696379016313144417e-02
-1.274062841487975939e-01
-8.073175765379397850e-02
-6.622702171680487637e-02
-5.659669857748294425e-02
-5.492695594461902142e-02
-5.315104827259736764e-02
-5.867341731829883028e-02
-9.580394339445885699e-02
-4.031266018678519858e-02
-2.919457068774594308e-02
-3.686660184163359499e-02
-4.217733262740144123e-02
-3.956145456520186732e-02
-7.458755660683150102e-02
-9.931459633248893026e-02
-1.774676902570242534e-02
-8.172562812232811447e-02
-3.347333061817622801e-02
-5.640424815983441365e-02
-6.174544189550382894e-03
-8.536706440414375263e-02
-2.106969418233428648e-02
-6.984058004321115620e-02
-4.519796246064043677e-02
-8.962637656807646847e-02
-5.014574221717875424e-02
-5.777856162300085315e-03
-4.090747066791865227e-02
-4.252561179895265192e-02
-4.433315331334090198e-02
-3.869478036821909911e-02
3.229593068014495472e-02
-2.679804308911209326e-02
-5.924483965988045636e-02
-2.513031975050006306e-01
-1.032156394007911898e-01
-5.377053353226396437e-02
2.908113565400944137e-02
-4.171482162839383612e-02
-5.583198871809345182e-02
4.106139355535009389e-03
8.562836557152791669e-03
-6.903968499586060625e-02
-7.146882186768666045e-02
-6.165275913297284249e-02
3.556536834368712735e-02
-5.331229166248790952e-02
