1.071599347969592712e-03
1.656290483788232714e-03
1.103287690812191843e-03
1.808068551543277978e-03
2.327666264148679862e-03
2.080791582001106400e-03
2.646175187935161533e-03
1.188308048684036953e-03
2.913237315377501403e-03
1.730018747544961313e-03
1.649479159166058291e-03
3.192420182249273357e-04
1.185317688157529843e-03
-2.724980038748409106e-03
1.029159830024676571e-03
-3.000158399856066825e-03
-7.009565325584758092e-05
4.767887224835591284e-03
1.833706923417952181e-03
2.341767689736114384e-03
9.997831537361665574e-04
1.083620561679409563e-03
6.668383035484354120e-03
2.978093334740928352e-03
2.990310320888705294e-03
-2.872344746446446086e-03
4.203985096288320560e-03
1.892230672272621423e-03
-3.191318728987862976e-04
3.113703028900793868e-03
2.766676373658735928e-03
4.005533705119819336e-04
1.627855970452230395e-03
3.187046012439850168e-03
1.801801182644704709e-03
-1.979667722011615484e-03
2.924973698120596037e-03
5.470045868944536753e-03
6.657274208174966332e-03
9.447780661079653933e-03
1.772426900542029742e-03
5.118225448388700853e-03
-4.638722677859738897e-04
9.684114941602272458e-04
-7.497676142973446443e-03
-1.717974300863651200e-03
-6.454654823762806005e-03
4.284041104816191901e-03
-4.609314105208138848e-03
2.819142316391187297e-03
-2.852798052027052944e-03
-7.250835422778341595e-03
-4.037548612448131451e-03
-3.086956682244843160e-04
6.447000838845249812e-03
6.526391366538757989e-03
-1.644646824810204336e-03
4.339135927132778577e-03
8.136700831368458633e-03
4.698164966372321907e-03
-8.643379082554062190e-03
-1.400920055293189241e-03
-4.949434487517071803e-03
3.738969049203717896e-03
-3.535163183758207781e-04
-2.600969697276627347e-03
1.516476989071004026e-03
4.792554034405738001e-04
-2.784518805922190244e-03
5.624605298704813024e-03
7.931731890644930227e-03
-4.735631683370281932e-03
3.796240897157120934e-03
-8.831419044310905714e-03
-1.777688916881206517e-03
9.328508763197378454e-04
-3.612855879569651591e-04
-9.985465570430331235e-04
-3.865959234863977200e-03
-4.410813858838930936e-03
8.447546503646143458e-04
-6.588097275031508208e-03
2.140453904578205370e-03
4.595240302566037764e-03
3.919479204568373544e-03
5.751285464883739221e-03
6.170554458957182124e-03
4.218776874823545672e-03
2.803279355263795045e-03
2.693244070228925343e-04
8.028309984431682839e-03
-4.884592410378154736e-04
-7.700855523065427283e-03
-7.284948434859603479e-03
-1.077936468593013869e-02
5.434104880252029618e-03
-7.786711442294633190e-03
5.035811371431926295e-03
-3.679408621381937122e-03
-6.071421198496837479e-03
-5.112434463458112935e-03
