-5.597206874349277411e-03
-5.797668101212604015e-03
-5.331760432911419011e-03
-7.063105063617668503e-03
-6.696435659104067045e-03
-5.735078355901824729e-03
-6.268372054039772143e-03
-6.549633501363316332e-03
-7.231283011332251785e-03
-6.838390589186862240e-03
-5.297483582308575890e-03
-6.980990356786372433e-03
-6.042908436946375396e-03
1.140955113531931606e-03
-8.424780484481506765e-03
-7.602494661763522458e-04
-5.109012631242988017e-03
-1.025424792468336913e-02
-7.343120186799814188e-03
-9.054836267509623962e-03
-7.564466450979285758e-03
-3.434801699116812532e-03
-5.188009522552169440e-03
-5.448587519052250361e-03
-5.357177760362452981e-03
-1.575104598935271084e-03
-6.305835424912810752e-03
-6.429369972248242734e-03
-2.902330477564874639e-03
-6.707255680970043883e-03
-7.303788201566267443e-03
-2.956256971562854028e-03
-1.871209225796707917e-03
4.031288993576858867e-03
-5.719458153907381812e-03
-4.994564430739823098e-03
-1.201388700340616164e-02
-3.221720410027551374e-03
-4.369492667424257348e-03
4.563604311530113956e-03
-9.402391360390149541e-03
-5.884323192425193298e-03
-1.043888424281040270e-02
-4.452600524435120465e-03
1.398391402848487338e-03
-5.610573040275831924e-03
7.268224828702860886e-04
1.403459719728504572e-03
5.695795542905980613e-03
-1.069233827710298727e-02
-3.226866787307520069e-03
-2.238297562544363292e-03
-5.657182239054168137e-03
1.458775850167420016e-03
-4.679026242164781475e-03
-5.068607326846109352e-03
-7.116885165186537070e-03
-7.046252562136143434e-03
-3.351317851364725604e-03
-1.655559928411733583e-03
8.114582107616934853e-03
-5.063220473502907243e-03
7.753888096649825309e-04
-1.177096792985282865e-02
1.032577744413020610e-03
6.717600452911271641e-03
-6.097332750844661198e-03
5.915541296642782242e-03
-4.545896006469234661e-03
-2.422974689999196716e-03
1.950236559875529125e-03
4.781139994810175431e-03
-3.240428219090822691e-04
6.410885282231690990e-03
5.535645573645195210e-03
5.448329519320995948e-03
-5.875621701580333901e-03
-4.285711328869823075e-03
1.123603444095244881e-02
-1.084009972295272954e-02
-7.463850129783009164e-03
6.055966377810557445e-03
-6.933229363646663083e-03
-2.230768793406215020e-03
-5.394070980320407258e-03
-3.537870819872697761e-03
5.242042535840937302e-03
4.078254792307257903e-03
-1.426802340861325381e-02
-4.131843691202534939e-03
1.078035252368103481e-05
-1.370228103246237672e-02
7.158473334552137128e-03
-4.189970160172861412e-03
1.055981314351621923e-02
-8.107243658431234970e-03
2.351077616606907054e-03
2.659338416118376108e-03
3.114294840564262815e-03
-1.105230457852412682e-02
2.314964140746189093e-03
