1.172935180460984023e-01
1.192673553776888995e-01
1.174076852448994734e-01
1.187383823863394500e-01
1.185319800783873750e-01
1.204772358939137367e-01
1.214238064578248982e-01
1.213929790144604726e-01
1.229170611188234175e-01
1.228080515005914586e-01
1.244746614213261687e-01
1.253903975009115213e-01
1.233951111195338707e-01
1.286813341121072762e-01
1.279127908554517912e-01
1.317893203924147549e-01
1.380904221271328502e-01
1.396601937416225292e-01
1.382409903074392488e-01
1.419612329652018279e-01
1.414881795173408008e-01
1.472342806584450159e-01
1.466223991480055666e-01
1.490698935706935291e-01
1.557094024283106337e-01
1.526944137666242374e-01
1.549802274061493901e-01
1.625977063326609906e-01
1.659031986756012433e-01
1.631112218932810887e-01
1.688207323721185316e-01
1.782233846982666237e-01
1.741233729318659162e-01
1.727826069417186805e-01
1.798035274517040816e-01
1.828204852845421169e-01
1.875172480862021540e-01
1.901349143837559041e-01
1.956268010377755495e-01
1.905409988656218689e-01
1.956534327313706190e-01
1.998702639030187911e-01
2.049324311141414168e-01
2.039789591012183545e-01
2.121225783269320708e-01
2.110246547117383686e-01
2.064697931161589839e-01
2.148977580552584310e-01
2.239989747807379916e-01
2.185332518087331755e-01
2.312894492480898345e-01
2.316010000249500989e-01
2.300827848260379727e-01
2.315397611587190763e-01
5.025773581955825797e-01
2.371999728180633482e-01
2.491137202634220449e-01
2.411752537072736902e-01
2.508938453714971706e-01
4.560599097725703266e-01
5.674385944623108191e-01
2.506461884089918879e-01
2.580366741880812387e-01
2.761090366499544535e-01
2.638409895244451242e-01
4.835933179358854472e-01
4.783267017435886559e-01
2.847084270540379825e-01
2.864641749419173378e-01
2.801689896464784613e-01
2.928469706482879631e-01
2.910280428421975207e-01
2.919478152732090104e-01
7.507122258216776256e-01
2.927254385873018783e-01
3.015634728657472508e-01
2.969397618521576465e-01
3.037456628527708258e-01
7.933117041898832822e-01
3.092881825404045770e-01
6.549487906134712212e-01
3.278199798907682205e-01
6.479700604690125099e-01
3.186827041119910109e-01
3.228359188671016122e-01
4.347985946966340665e-01
3.367464007241236512e-01
5.076254199866135908e-01
8.408773379339584686e-01
3.970057754529738303e-01
3.240949561760947395e-01
3.449259580636004352e-01
3.847120039852395257e-01
3.477133668169736791e-01
3.597252326744570516e-01
3.472051306856691055e-01
3.650222004478936300e-01
3.717467052586705956e-01
3.631425656053959283e-01
3.737833031713595489e-01
4.765801451826109925e-01
