5.595017250757517054e-03
5.778235099265195511e-03
5.279437789879202515e-03
7.124288214208062200e-03
6.729505403424073870e-03
5.733559759853130988e-03
6.285012826420148871e-03
6.556522726668657930e-03
7.197284459268905865e-03
6.731245227618873686e-03
5.364452083940695996e-03
7.036931362269451158e-03
6.179936953174453018e-03
-1.173589549461387035e-03
8.471650609430858916e-03
9.038367524987011388e-04
5.025024072625223007e-03
1.013615531813938549e-02
7.395641692641948678e-03
8.920902445475817344e-03
7.524976292394914765e-03
3.261953815717818540e-03
5.265115598931269930e-03
5.504863518324602453e-03
5.367891869214561941e-03
1.442484554583459621e-03
6.021180280433848127e-03
6.746569650047077801e-03
2.888441442623576952e-03
6.759120110479719529e-03
7.596619527398934188e-03
2.847589812190633955e-03
2.076641283919652709e-03
-4.353414761521468175e-03
5.813830472068398994e-03
4.995655342031528855e-03
1.204396591482888475e-02
3.005746643663270799e-03
4.638359461275857673e-03
-4.504831625489556790e-03
9.448521614078022463e-03
5.831936882678683855e-03
1.051878356720439833e-02
4.343756260327935256e-03
-1.190685974987473923e-03
5.679139010444737672e-03
-7.501931612437621761e-04
-9.499448473622876341e-04
-6.244003067280958288e-03
1.051760027268720636e-02
2.997486995502649659e-03
2.709110764876098906e-03
5.486401117054975213e-03
-1.617949994292120679e-03
4.799695759986191690e-03
5.251644505115270548e-03
7.147555426315303252e-03
7.478058551546714651e-03
3.269208178516475917e-03
1.632090474777792271e-03
-8.528227477924886502e-03
4.857824079124277612e-03
-1.112435440253988156e-03
1.206159095547969413e-02
-1.564186784198690104e-03
-8.233570369178929566e-03
7.010050144180092653e-03
-6.012755850632129674e-03
4.586797052223635235e-03
2.417748053966183898e-03
-1.787583002172804612e-03
-4.427001774148028521e-03
-2.915412257536383235e-05
-6.324017224246298967e-03
-5.408118713973697825e-03
-5.759221624418651465e-03
5.634816675180663939e-03
4.436909729039063659e-03
-1.148228722908689430e-02
1.071198389930558964e-02
7.928715379548079839e-03
-6.325800890398994465e-03
7.566481507321323741e-03
2.023841342535286775e-03
5.504508304942492235e-03
3.167779799477123733e-03
-5.239499799226329108e-03
-4.790863207886793089e-03
1.544710570383125460e-02
4.882931678065739918e-03
-1.627416871807871329e-05
1.337280300964406934e-02
-6.966467389565980661e-03
4.130042333584864160e-03
-1.103990515385023900e-02
8.635088494876295290e-03
-3.116680246224071658e-03
-2.674613577194491151e-03
-2.970177146744589197e-03
1.047046393442993203e-02
-3.208284601998320600e-03
