-4.230937111311645167e-04
-4.346124261681155189e-04
-3.933810566430070640e-04
-6.798065514022197040e-04
-5.617440921018699478e-04
-5.460104842533767492e-04
-6.639724353489900172e-04
-6.383634983952902889e-04
-6.838639893013894475e-04
-5.282109578436482416e-04
-2.775818465826864379e-04
-8.400595443862831106e-04
-3.419674909974483611e-04
6.065408258274213428e-04
-1.014603483294184609e-03
-2.089604182258893909e-04
-4.018521522538786271e-04
-5.878226923669418796e-04
-5.260700007574490179e-04
-7.697295344220789941e-04
-5.741141711429904307e-04
-7.508600181397540258e-04
-5.218939781418212005e-05
-1.407837050528339216e-03
-1.935247476058193862e-04
1.188521147492394275e-04
-2.468625504509608902e-04
-7.790329479184028745e-04
-6.507597104344508459e-04
-3.422050755312802802e-04
-9.976120894354702489e-04
5.660983709346452094e-04
-1.103743025675420902e-04
9.582125897838816245e-04
-2.089236293303779225e-04
-1.569016120864800056e-04
-1.513838494436210496e-03
-3.144996633513973973e-04
-5.430635391594168613e-04
-2.093404755135995228e-04
-1.170407588304722690e-03
-9.668378652661898743e-04
-9.756651751289753581e-04
-1.621735957835046917e-04
3.711711837271657521e-04
-7.904753986158844512e-04
7.508067445049431765e-04
-1.214704770627373807e-03
1.345031061734925770e-03
-4.856841502026436786e-04
2.180477274437065508e-05
-5.349647112652898122e-05
-1.123809342726906886e-03
7.759715189992787490e-04
-1.700115485421646111e-03
-1.692080880472051924e-03
-6.897255389459344037e-04
-9.336187842705566918e-04
-6.506128107359658672e-05
2.352898435079270567e-05
1.321527231854468642e-03
-9.566060584509321731e-04
1.068546674191227014e-03
-1.628777074413285952e-03
1.401474123154402033e-03
2.447423790289737517e-03
-4.096798546717574444e-03
1.642016959088933971e-03
1.457272853153084708e-04
-1.031659032860155444e-03
7.186002253284624972e-04
2.523495132067760105e-03
-7.001056709241681032e-05
1.454096648769996484e-03
1.137450305762683972e-03
1.571797636325876534e-03
-4.750821074941615103e-04
-1.016113022921285441e-03
1.283610332495393994e-05
-2.204852804209238466e-03
-6.324496383880009792e-04
2.465028803311679513e-03
-1.319363895858453872e-03
9.278851145012576886e-04
-4.915620224279040103e-04
2.426877578646307113e-03
1.364442065937282325e-03
3.151262669011240664e-03
-4.594984531136009180e-04
-9.940381043554698346e-04
5.214707987363683935e-04
4.710091563647733051e-05
2.647527914136343224e-03
-1.519292227371863519e-03
2.383553140723241714e-03
-3.047646356376210435e-03
1.434050482207243835e-03
1.945233771184208928e-03
1.049492814221272179e-03
-5.664953709598207800e-04
1.635674813265711874e-03
