-9.590133069863284896e-04
-1.557961377415794215e-03
-9.631533298672694714e-04
-1.686799903577756998e-03
-2.201624306471973349e-03
-1.981634056545655224e-03
-2.501608492008029587e-03
-1.019621306977154486e-03
-2.831628211025996687e-03
-1.652428613791863529e-03
-1.546755001777106375e-03
-1.367104727876659344e-04
-1.103291443097716889e-03
2.781338551377817055e-03
-8.897150963106439372e-04
3.114689698395481116e-03
1.763490663747321148e-04
-4.690448118714539774e-03
-1.602684097512656856e-03
-2.343322995159221635e-03
-8.540377139849539322e-04
-1.043846052654255705e-03
-6.742660374478590644e-03
-2.909150387634056902e-03
-2.870725066372478013e-03
3.070676242032432338e-03
-3.915101400618768886e-03
-1.654985290070568136e-03
5.924939496407595095e-04
-2.957321800092535796e-03
-2.687105884331473030e-03
-3.029976399021334509e-04
-1.465260558752184191e-03
-3.143050243526802120e-03
-1.842661236896123156e-03
1.785724975769579104e-03
-2.624008398526871816e-03
-5.183596746577668994e-03
-6.451210241419818789e-03
-9.431755640232179771e-03
-1.836656204167262836e-03
-5.129070635795263122e-03
7.905503901688156572e-04
-8.494048658270977360e-04
7.722555987126878373e-03
1.821148489611289526e-03
6.469923603814861646e-03
-4.246979139726930232e-03
4.497439216168200304e-03
-2.503739302302417525e-03
2.837929717660330788e-03
7.375171163070282782e-03
3.917035697052692611e-03
3.561671504943508208e-04
-5.947585946280400417e-03
-6.461256867002883840e-03
1.751719844950360219e-03
-4.053294993326211904e-03
-7.937930549733849747e-03
-4.802642420492317377e-03
8.690258676886289391e-03
1.682787798142735105e-03
5.058235224580112654e-03
-3.535443755835340155e-03
4.885764372166098192e-04
2.818988020237233032e-03
-1.171983229751469725e-03
-1.855210586071202568e-04
2.802606912845471109e-03
-5.630470729451903661e-03
-7.942138597034752862e-03
5.012184386117648528e-03
-3.620188043033017132e-03
8.892916930363278447e-03
1.830697229366378374e-03
-1.051072215661777399e-03
4.751387913402569437e-04
1.285274566128619123e-03
3.794242062197804820e-03
4.706146183541742162e-03
-2.828115156521547645e-04
6.882563984865399699e-03
-1.836255664304813811e-03
-4.936795084355237971e-03
-3.802031053446508057e-03
-5.470532738275847746e-03
-6.081514722544052037e-03
-4.590141760143430678e-03
-3.128518829717505043e-03
2.153736074321008611e-04
-7.633820068325853150e-03
3.387199595654348354e-04
7.154790723864941360e-03
7.301866863841276027e-03
1.075992632070907166e-02
-4.333016520060778594e-03
7.492769817264945641e-03
-4.662633831217057219e-03
4.162873710125871395e-03
6.083662846418314007e-03
5.424539366179131211e-03
