-3.916298843110331464e-04
-2.842712628858373421e-04
-4.874977515756034950e-04
-3.727989458458651488e-04
-3.581771090591874583e-04
-1.720075871365602991e-04
-3.083612831995814047e-04
-3.223427524047678687e-04
6.045630014842037157e-05
-2.445064590065576093e-04
-4.189420088720774990e-04
-3.943705119704233653e-04
-5.343693911258448528e-04
-5.663159467068283430e-04
-4.267745411050503511e-04
-6.043388167487573305e-04
-3.779713589662422055e-04
4.545861180498803511e-04
-4.048850557928800379e-04
6.012624458709971912e-05
-7.262618050090510280e-04
4.075455541203901319e-04
7.491601592375489449e-04
-3.659148485878302198e-04
1.151743018613246382e-04
-1.274444976522056587e-03
3.770148387285845830e-05
-4.404335563543026913e-04
-9.368540378603086236e-04
-4.313603280328090223e-04
-6.876459013286978419e-05
-1.603146877209142302e-04
-1.352498843905035309e-04
5.695711688962926209e-04
1.976362846418421363e-04
2.320521839471300773e-04
-4.424336020860429662e-04
-3.324981423370395347e-04
6.141023177125318709e-05
7.228417296121705934e-04
5.286083455033158086e-04
2.611776159591813688e-05
-8.031083871209580881e-04
3.385395674381836860e-04
-1.420701753622170653e-03
-7.150713209492941171e-04
-9.921456449862812305e-04
4.996314185443453959e-04
3.867321194316594235e-04
-2.018626141177499794e-04
-4.871969818441740136e-04
-1.464974656205571832e-03
7.990377355704746207e-05
3.425871340376417627e-04
-1.540190634093861711e-03
9.455389891626662718e-04
-5.162898064419527838e-04
9.522103101020048307e-04
8.757906938389194672e-04
2.004367906682331057e-04
-2.086536772147193353e-03
-4.731537027508745026e-04
-8.731280031853427565e-04
-5.149147052866703171e-04
2.204272949887916221e-04
-1.009739672470237864e-03
-2.872904388938967530e-04
-1.419615512008934864e-04
1.810037194130101768e-04
4.636794171811715968e-04
-9.272923611777196746e-06
-1.517061350105384024e-03
1.396128800711369828e-04
1.926026025900941935e-03
-1.159146853606776197e-03
-8.431730792369915197e-05
4.202668663847009922e-04
-2.033081921728079663e-04
9.699047281177417207e-04
4.202060913837997870e-04
-3.561653333413027783e-04
-6.723947099009830366e-04
1.062118412321334110e-03
2.432339616107441916e-04
-7.151588576334397696e-04
1.254147673016202608e-03
-1.028828942328673557e-04
6.257967885508731141e-04
8.182652660547023440e-04
-3.823124611845566301e-04
-8.789948462969848775e-04
-7.254592388133191848e-04
3.460908671780168555e-04
-4.788601334785508637e-04
-1.618251478640269584e-03
-2.326281931900980350e-03
1.097086313199145376e-03
-1.014008030220206165e-03
4.512773416308802515e-04
9.434202801893523411e-04
-7.906593764600479022e-04
