1.499405670166015669e+00
1.522073429822921709e+00
1.545178520679473921e+00
1.562654638290405185e+00
1.583280110359191806e+00
1.603863042593002275e+00
1.627466732263564975e+00
1.652234888076782315e+00
1.672756099700927646e+00
1.705376464128494307e+00
1.729352957010269254e+00
1.755698597431182950e+00
1.783544081449508711e+00
1.825730788707733199e+00
1.884637546539306596e+00
1.911170399188995450e+00
1.987365049123763994e+00
2.074717360734939398e+00
2.131099218130111606e+00
2.232083386182785123e+00
2.438644176721572965e+00
2.574907684326171786e+00
2.730002796649932950e+00
2.915645861625671298e+00
3.070987927913665594e+00
3.324588286876678289e+00
3.371568048000335605e+00
3.747531700134277166e+00
3.879954767227173029e+00
4.246205580234527766e+00
4.654693639278411510e+00
4.436159551143646240e+00
4.680461049079895020e+00
5.135240530967712047e+00
5.338111281394958496e+00
5.528663587570190607e+00
6.091457319259643732e+00
6.425460267066955389e+00
6.309033823013305842e+00
6.903450846672058105e+00
6.712674045562744496e+00
6.908101940155029652e+00
7.543956518173217773e+00
7.979154253005981801e+00
8.478970122337340598e+00
8.102855110168457387e+00
8.388312911987304332e+00
8.642776632308960316e+00
9.262623214721680043e+00
9.324986648559569602e+00
9.827553534507751820e+00
1.027488446235656738e+01
1.032706203460693395e+01
1.029545884132385325e+01
1.038629412651062012e+01
1.116963005065917969e+01
1.053167290687560964e+01
1.143511826992034841e+01
1.129321825504302979e+01
1.184238152503967356e+01
1.136599361896514893e+01
1.147899713516235387e+01
1.273453631401062047e+01
1.197256736755371165e+01
1.281045923233032191e+01
1.316438503265380788e+01
1.303287196159362793e+01
1.309439659118652344e+01
1.297689909934997488e+01
1.304659628868103027e+01
1.270588545799255442e+01
1.376332883834838938e+01
1.443193230628967250e+01
1.293552989959716726e+01
1.393599534034729004e+01
1.344994983673095668e+01
1.445018196105957031e+01
1.439482035636901891e+01
1.398321070671081578e+01
1.480837683677673411e+01
1.443910923004150426e+01
1.522745976448059047e+01
1.460263462066650320e+01
1.483518419265747035e+01
1.529186592102050746e+01
1.542996716499328613e+01
1.501094436645507812e+01
1.568141551017761159e+01
1.580189075469970739e+01
1.547702598571777344e+01
1.450814920001559827e+01
1.573325194252861792e+01
1.631388063430786062e+01
1.576370978355407715e+01
1.580454284266421716e+01
1.567999162172016270e+01
1.567473626136779785e+01
1.580682616233825755e+01
1.620899029781944023e+01
1.628955564498901509e+01
1.687288389205932759e+01
