   2.6366792e+03   0.0000000e+00   1.6082487e+03
   0.0000000e+00   2.6294147e+03   1.2285124e+03
   0.0000000e+00   0.0000000e+00   1.0000000e+00
   2.6354094e+03   0.0000000e+00   1.6050228e+03
   0.0000000e+00   2.6273233e+03   1.2274031e+03
   0.0000000e+00   0.0000000e+00   1.0000000e+00
   2.6230105e+03   0.0000000e+00   1.6080835e+03
   0.0000000e+00   2.6166549e+03   1.2259147e+03
   0.0000000e+00   0.0000000e+00   1.0000000e+00
   2.6260797e+03   0.0000000e+00   1.6021808e+03
   0.0000000e+00   2.6181243e+03   1.2330261e+03
   0.0000000e+00   0.0000000e+00   1.0000000e+00
   2.6322986e+03   0.0000000e+00   1.5995101e+03
   0.0000000e+00   2.6236405e+03   1.2231014e+03
   0.0000000e+00   0.0000000e+00   1.0000000e+00
   2.6254445e+03   0.0000000e+00   1.6003211e+03
   0.0000000e+00   2.6186078e+03   1.2234228e+03
   0.0000000e+00   0.0000000e+00   1.0000000e+00
   2.6404594e+03   0.0000000e+00   1.6017596e+03
   0.0000000e+00   2.6329564e+03   1.2186539e+03
   0.0000000e+00   0.0000000e+00   1.0000000e+00
   2.6395982e+03   0.0000000e+00   1.6015964e+03
   0.0000000e+00   2.6323299e+03   1.2224306e+03
   0.0000000e+00   0.0000000e+00   1.0000000e+00
   2.6183402e+03   0.0000000e+00   1.6025083e+03
   0.0000000e+00   2.6108651e+03   1.2196829e+03
   0.0000000e+00   0.0000000e+00   1.0000000e+00
   2.6228036e+03   0.0000000e+00   1.6093675e+03
   0.0000000e+00   2.6152728e+03   1.2211714e+03
   0.0000000e+00   0.0000000e+00   1.0000000e+00
