   2.6397326e+03   0.0000000e+00   1.6126470e+03
   0.0000000e+00   2.6320605e+03   1.2264041e+03
   0.0000000e+00   0.0000000e+00   1.0000000e+00
   2.6402406e+03   0.0000000e+00   1.6093022e+03
   0.0000000e+00   2.6316794e+03   1.2250517e+03
   0.0000000e+00   0.0000000e+00   1.0000000e+00
   2.6319412e+03   0.0000000e+00   1.6101295e+03
   0.0000000e+00   2.6248475e+03   1.2256833e+03
   0.0000000e+00   0.0000000e+00   1.0000000e+00
   2.6360812e+03   0.0000000e+00   1.6038986e+03
   0.0000000e+00   2.6273728e+03   1.2284620e+03
   0.0000000e+00   0.0000000e+00   1.0000000e+00
   2.6403219e+03   0.0000000e+00   1.5978217e+03
   0.0000000e+00   2.6308753e+03   1.2217359e+03
   0.0000000e+00   0.0000000e+00   1.0000000e+00
   2.6325984e+03   0.0000000e+00   1.5995278e+03
   0.0000000e+00   2.6254928e+03   1.2223004e+03
   0.0000000e+00   0.0000000e+00   1.0000000e+00
   2.6420131e+03   0.0000000e+00   1.6080040e+03
   0.0000000e+00   2.6336118e+03   1.2150583e+03
   0.0000000e+00   0.0000000e+00   1.0000000e+00
   2.6405169e+03   0.0000000e+00   1.6050275e+03
   0.0000000e+00   2.6323815e+03   1.2172963e+03
   0.0000000e+00   0.0000000e+00   1.0000000e+00
   2.6242049e+03   0.0000000e+00   1.6093239e+03
   0.0000000e+00   2.6161131e+03   1.2200076e+03
   0.0000000e+00   0.0000000e+00   1.0000000e+00
   2.6245090e+03   0.0000000e+00   1.6101581e+03
   0.0000000e+00   2.6164154e+03   1.2143353e+03
   0.0000000e+00   0.0000000e+00   1.0000000e+00
