   2.6389115e+03   0.0000000e+00   1.6081630e+03
   0.0000000e+00   2.6312188e+03   1.2207235e+03
   0.0000000e+00   0.0000000e+00   1.0000000e+00
   2.6397494e+03   0.0000000e+00   1.6081452e+03
   0.0000000e+00   2.6311986e+03   1.2281590e+03
   0.0000000e+00   0.0000000e+00   1.0000000e+00
   2.6315481e+03   0.0000000e+00   1.6055718e+03
   0.0000000e+00   2.6244602e+03   1.2230347e+03
   0.0000000e+00   0.0000000e+00   1.0000000e+00
   2.6380898e+03   0.0000000e+00   1.6003471e+03
   0.0000000e+00   2.6295519e+03   1.2259537e+03
   0.0000000e+00   0.0000000e+00   1.0000000e+00
   2.6410392e+03   0.0000000e+00   1.6004668e+03
   0.0000000e+00   2.6316675e+03   1.2253181e+03
   0.0000000e+00   0.0000000e+00   1.0000000e+00
   2.6325025e+03   0.0000000e+00   1.5990814e+03
   0.0000000e+00   2.6253982e+03   1.2217008e+03
   0.0000000e+00   0.0000000e+00   1.0000000e+00
   2.6395393e+03   0.0000000e+00   1.6047280e+03
   0.0000000e+00   2.6311909e+03   1.2242958e+03
   0.0000000e+00   0.0000000e+00   1.0000000e+00
   2.6421578e+03   0.0000000e+00   1.6021194e+03
   0.0000000e+00   2.6339845e+03   1.2225183e+03
   0.0000000e+00   0.0000000e+00   1.0000000e+00
   2.6256360e+03   0.0000000e+00   1.6054496e+03
   0.0000000e+00   2.6174813e+03   1.2239928e+03
   0.0000000e+00   0.0000000e+00   1.0000000e+00
   2.6232178e+03   0.0000000e+00   1.6065801e+03
   0.0000000e+00   2.6151469e+03   1.2198604e+03
   0.0000000e+00   0.0000000e+00   1.0000000e+00
