   2.6356019e+03   0.0000000e+00   1.6058362e+03
   0.0000000e+00   2.6283224e+03   1.2212515e+03
   0.0000000e+00   0.0000000e+00   1.0000000e+00
   2.6352345e+03   0.0000000e+00   1.6074378e+03
   0.0000000e+00   2.6272551e+03   1.2285627e+03
   0.0000000e+00   0.0000000e+00   1.0000000e+00
   2.6227143e+03   0.0000000e+00   1.6044831e+03
   0.0000000e+00   2.6163836e+03   1.2228077e+03
   0.0000000e+00   0.0000000e+00   1.0000000e+00
   2.6289226e+03   0.0000000e+00   1.5973559e+03
   0.0000000e+00   2.6211042e+03   1.2258972e+03
   0.0000000e+00   0.0000000e+00   1.0000000e+00
   2.6325069e+03   0.0000000e+00   1.6003042e+03
   0.0000000e+00   2.6238842e+03   1.2251833e+03
   0.0000000e+00   0.0000000e+00   1.0000000e+00
   2.6251820e+03   0.0000000e+00   1.5990460e+03
   0.0000000e+00   2.6183470e+03   1.2216248e+03
   0.0000000e+00   0.0000000e+00   1.0000000e+00
   2.6399479e+03   0.0000000e+00   1.6020907e+03
   0.0000000e+00   2.6325243e+03   1.2245934e+03
   0.0000000e+00   0.0000000e+00   1.0000000e+00
   2.6397290e+03   0.0000000e+00   1.6005854e+03
   0.0000000e+00   2.6324559e+03   1.2230160e+03
   0.0000000e+00   0.0000000e+00   1.0000000e+00
   2.6195584e+03   0.0000000e+00   1.6033898e+03
   0.0000000e+00   2.6120899e+03   1.2232535e+03
   0.0000000e+00   0.0000000e+00   1.0000000e+00
   2.6221172e+03   0.0000000e+00   1.6066155e+03
   0.0000000e+00   2.6145526e+03   1.2213242e+03
   0.0000000e+00   0.0000000e+00   1.0000000e+00
