   2.6211195e+03   0.0000000e+00   1.6056454e+03
   0.0000000e+00   2.6147206e+03   1.2255671e+03
   0.0000000e+00   0.0000000e+00   1.0000000e+00
   2.6502447e+03   0.0000000e+00   1.6063813e+03
   0.0000000e+00   2.6425555e+03   1.2157931e+03
   0.0000000e+00   0.0000000e+00   1.0000000e+00
   2.6066576e+03   0.0000000e+00   1.6150938e+03
   0.0000000e+00   2.6002384e+03   1.2214409e+03
   0.0000000e+00   0.0000000e+00   1.0000000e+00
   2.6278528e+03   0.0000000e+00   1.6072962e+03
   0.0000000e+00   2.6194214e+03   1.2320243e+03
   0.0000000e+00   0.0000000e+00   1.0000000e+00
   2.6300533e+03   0.0000000e+00   1.6100207e+03
   0.0000000e+00   2.6236090e+03   1.2166404e+03
   0.0000000e+00   0.0000000e+00   1.0000000e+00
