1.639396182520594493e+03
1.639340092792987434e+03
1.639330227582910766e+03
1.639348205681431182e+03
1.639425775371282498e+03
1.639404532363239923e+03
1.638959352437087546e+03
1.639428964330506915e+03
1.639234527052478143e+03
1.639589433541388189e+03
1.639590223051182647e+03
1.639360471101157600e+03
1.639582351263247574e+03
1.639463012109429656e+03
1.639654036880690910e+03
1.639338831500529977e+03
1.639327649249472188e+03
1.639509953040677374e+03
1.639008995540387559e+03
1.639283861019547430e+03
1.639568546666639577e+03
1.639691741770563112e+03
1.639400701626388354e+03
1.638913028293433172e+03
1.639652664432992424e+03
1.639049656087233188e+03
1.639475202310866052e+03
1.639253932738232152e+03
1.639520769484021002e+03
1.639198212601150090e+03
1.639932480795085212e+03
1.639152601804261849e+03
1.639941804358809804e+03
1.639891376266710949e+03
1.638919332458684039e+03
1.639011018853301493e+03
1.639394160290678428e+03
1.639790084783156772e+03
1.639237385887056689e+03
1.639376258406437501e+03
1.639368082554230114e+03
1.639995270719466816e+03
1.639602051574906454e+03
1.639507973826855050e+03
1.639219420997214684e+03
1.639443633741713484e+03
1.639529752572785583e+03
1.639228247838924972e+03
1.638526270610248957e+03
1.639930175839608182e+03
1.640383576771801017e+03
1.638068620696561993e+03
1.639862340037852618e+03
1.639633373463464750e+03
1.640053189477244587e+03
1.639251940798195619e+03
1.640132270621032603e+03
1.639565245689444055e+03
1.639673193947355912e+03
1.637722421272153497e+03
1.639266713110668888e+03
1.637954973561894576e+03
1.639792131954131946e+03
1.637949370311559733e+03
1.639372459380590954e+03
1.639212340724098567e+03
1.638593279874262635e+03
1.639493357026108015e+03
1.639957025143319015e+03
1.639917506121796123e+03
1.641301248822501975e+03
1.639102655574572964e+03
1.639475540583350039e+03
1.639188498877380425e+03
1.640802112403751607e+03
1.639474524282093171e+03
1.638208243787302536e+03
1.638240597791470918e+03
1.639514302888698467e+03
1.639761736836116825e+03
1.639494349818551882e+03
1.639763857341198900e+03
1.640103686338369926e+03
1.639690659714987760e+03
1.638849403460915482e+03
1.638682960146559481e+03
1.639439819797912378e+03
1.638524668509810226e+03
1.639204004682794221e+03
1.637863228741890453e+03
1.639272030696108231e+03
1.640078354873772696e+03
1.639957030568462187e+03
1.637100514952117237e+03
1.638245048316284738e+03
1.639836760601198193e+03
1.639539525399329932e+03
1.637394056972106910e+03
1.638026197712151088e+03
1.639901836175502694e+03
1.637724050824603864e+03
