1.230289374914009159e+03
1.230256067144722238e+03
1.230254194860446887e+03
1.230300773541903027e+03
1.230251198637819016e+03
1.230379174120589823e+03
1.230303025284737032e+03
1.230067335931044909e+03
1.230022973595622034e+03
1.230142520250312145e+03
1.230292514569957575e+03
1.230457552831035855e+03
1.230801622643262135e+03
1.230300722154800496e+03
1.230125955678142191e+03
1.230569467152392690e+03
1.229858283907869236e+03
1.229375689358866111e+03
1.230615865366062508e+03
1.229806236600611555e+03
1.229921094630432890e+03
1.230364332190135883e+03
1.231019841529456698e+03
1.230065891430778720e+03
1.229298179068005766e+03
1.230311230641806333e+03
1.229235810776740664e+03
1.229377099114797602e+03
1.229152527404143711e+03
1.230113645307765410e+03
1.230646161004113083e+03
1.229647501006900029e+03
1.229271548564362092e+03
1.229699672152489256e+03
1.230160193634718325e+03
1.229361203021399206e+03
1.229562107273004131e+03
1.231269192831182409e+03
1.229316357961155745e+03
1.230311343116553644e+03
1.229390046451122089e+03
1.230440405098841893e+03
1.229846816028670446e+03
1.231040384266711726e+03
1.228950946129653403e+03
1.229050163444288273e+03
1.229939732393662553e+03
1.229904131135726402e+03
1.229979109075021142e+03
1.229547749746282079e+03
1.229701304331207666e+03
1.230240591787979838e+03
1.230280321717405286e+03
1.228730125073027239e+03
1.230564769464690471e+03
1.229371324979131714e+03
1.229024766796864697e+03
1.229858980962429314e+03
1.229137419359258729e+03
1.230359571932842300e+03
1.229264846567370114e+03
1.230475015942979553e+03
1.229880560090871086e+03
1.229204750951333608e+03
1.228517525652784798e+03
1.230066065457242303e+03
1.229546959420741587e+03
1.229055417900431166e+03
1.228749653079894642e+03
1.230086885995781813e+03
1.228293196580458698e+03
1.228566699332733378e+03
1.230648549243199341e+03
1.229114528577913916e+03
1.230945467680918910e+03
1.228759023662484196e+03
1.230796630639345267e+03
1.228409805257931112e+03
1.232392933660695007e+03
1.230557637789368073e+03
1.229509734152224837e+03
1.229492472695166498e+03
1.230750753961430519e+03
1.229092798171880986e+03
1.229376967475555375e+03
1.228817531174214309e+03
1.229159488640278596e+03
1.227469176010756883e+03
1.229692291891534751e+03
1.228097055295440668e+03
1.229173293598043983e+03
1.230205846933047042e+03
1.227889800257047000e+03
1.226279767642645311e+03
1.228847322660946475e+03
1.229961103139874922e+03
1.228049806615004400e+03
1.232202938463701912e+03
1.228105090417143174e+03
1.227085811038259408e+03
1.229287033601567828e+03
