2.700467686253542070e+03
2.700529198214444477e+03
2.700598479852805667e+03
2.700527280549631541e+03
2.700544546310912210e+03
2.700498131159883542e+03
2.700476897742574693e+03
2.700547066233071291e+03
2.700485547419608793e+03
2.700579108360205737e+03
2.700464506230784536e+03
2.700472971851457260e+03
2.700552622019868522e+03
2.700675880341456377e+03
2.700387820152609038e+03
2.700569553887869461e+03
2.700561938439133428e+03
2.700554402107874012e+03
2.700387371481532227e+03
2.700590936223698009e+03
2.700411411854171547e+03
2.700521700952875563e+03
2.700507846580238947e+03
2.700527226034181695e+03
2.700453823540354733e+03
2.700602473897165510e+03
2.700538990079061023e+03
2.700660924628545217e+03
2.700588750055612763e+03
2.700734453538749221e+03
2.700587530162933035e+03
2.700436675838643168e+03
2.700686316678990806e+03
2.700476927328434158e+03
2.700781762195193096e+03
2.700744662626360423e+03
2.700761005627477061e+03
2.700341141760825849e+03
2.700615922103611865e+03
2.700326654751387650e+03
2.700198366206820992e+03
2.700454706217320108e+03
2.700389641213861069e+03
2.700324083824581066e+03
2.700160989600519770e+03
2.700424575296251533e+03
2.700390460904028714e+03
2.700502843351054707e+03
2.700378174437727921e+03
2.700687759257175003e+03
2.700298391713712590e+03
2.700459718617332328e+03
2.700289546882095692e+03
2.700732577699714057e+03
2.700574251853884562e+03
2.700449077380831568e+03
2.700732305020862441e+03
2.700265163713864695e+03
2.700368822936870856e+03
2.700090820384957624e+03
2.700444400713809046e+03
2.700013289146385887e+03
2.700676955235796413e+03
2.701021979587387250e+03
2.700813848700718609e+03
2.700322175920474820e+03
2.700467874002642475e+03
2.700590097954839166e+03
2.700148522128590685e+03
2.700682933582055739e+03
2.700699557196125170e+03
2.700331637819845128e+03
2.700764473911007826e+03
2.700744580966936155e+03
2.700160689145189735e+03
2.700572214459371480e+03
2.700728830299650326e+03
2.700843520814801195e+03
2.700192023492239969e+03
2.700510333992951928e+03
2.700639763439178296e+03
2.700380941613482719e+03
2.701194783860646112e+03
2.701158590863064546e+03
2.700758917949575334e+03
2.700458381309673769e+03
2.700357950821391114e+03
2.700923783012448439e+03
2.700489981478584923e+03
2.700443506369193983e+03
2.700333707287212746e+03
2.700590158356103075e+03
2.700745854526943731e+03
2.700571964146397022e+03
2.700654763434652523e+03
2.700236176683672966e+03
2.700358814335950228e+03
2.699511872639563990e+03
2.700615619907518976e+03
2.701218436251468120e+03
2.700484485582326670e+03
