2.700567528401941672e+03
2.700599361376526304e+03
2.700662969037382481e+03
2.700572107754486751e+03
2.700592834879410930e+03
2.700410770457059243e+03
2.700439682954550335e+03
2.700711892799228281e+03
2.700547761958114279e+03
2.700766257140086509e+03
2.700548900018711720e+03
2.700455949592660090e+03
2.700641532524566628e+03
2.700763683337374459e+03
2.700325535273699188e+03
2.700691259260204788e+03
2.700637122749811169e+03
2.700768143524735933e+03
2.700422604798049633e+03
2.700706634085207952e+03
2.700521697873524317e+03
2.700560441782292401e+03
2.700541231005327973e+03
2.700638062296010048e+03
2.700393427205369790e+03
2.700683392812474722e+03
2.700615452923085741e+03
2.700692667195507966e+03
2.700949940295809483e+03
2.700762094689629066e+03
2.700900012511258410e+03
2.700266071480765277e+03
2.700871192088837233e+03
2.700543176139341995e+03
2.700582148080572097e+03
2.700714262653827973e+03
2.700769353657390639e+03
2.700358614759163174e+03
2.700569338652734132e+03
2.700195765118443887e+03
2.700282434987835586e+03
2.700528307908015904e+03
2.700560686767042171e+03
2.700287220058478397e+03
2.700144619833649813e+03
2.700580382504707813e+03
2.700269333990838732e+03
2.700573821991772547e+03
2.700230433450582950e+03
2.700662755000856578e+03
2.700464284301073803e+03
2.700439451127789653e+03
2.700658177807931679e+03
2.700601984453109253e+03
2.700402598539018072e+03
2.700599767105373758e+03
2.700872433642034139e+03
2.700546952680400864e+03
2.700530936598318931e+03
2.700113485098017009e+03
2.700382669612267364e+03
2.700293914940406012e+03
2.700613167327121573e+03
2.700997455009453915e+03
2.701159757272166644e+03
2.700244631310373279e+03
2.699946159254897339e+03
2.701031353135501831e+03
2.700370122359537618e+03
2.700599203777067487e+03
2.700592316196063621e+03
2.700688917831089384e+03
2.700331074260029709e+03
2.700932436842604602e+03
2.700519530633948307e+03
2.700492110145768038e+03
2.701123199389989168e+03
2.700502745648958353e+03
2.700330755679928643e+03
2.700132943978874209e+03
2.700875834478239085e+03
2.700652596830666880e+03
2.700966593521478899e+03
2.701265990613032045e+03
2.700780491843313030e+03
2.699998499167128557e+03
2.700671168387244506e+03
2.701290947118399799e+03
2.700455353323388408e+03
2.700200824152970654e+03
2.700046997791063404e+03
2.701071199772110958e+03
2.700822349492748344e+03
2.700836004441599925e+03
2.700492157413400946e+03
2.700518053536771276e+03
2.700124645504245109e+03
2.699950904623564384e+03
2.700177980261332777e+03
2.700623591014373687e+03
2.700634464620712151e+03
