3.550249130987939594e+00
2.811228458002622776e+00
3.476332186051211082e+00
2.737119253073939440e+00
3.497981695327421647e+00
2.622929648397530400e+00
3.237759041481098166e+00
3.149752620958583993e+00
3.726510251723904155e+00
2.638837950599950410e+00
2.669631640640568460e+00
3.044829695943732872e+00
3.431508530723397232e+00
3.532679602287350562e+00
2.227605449288789785e+00
2.784729048651528149e+00
3.701623848966853814e+00
2.861192485535161811e+00
3.663051690943587957e+00
2.139715457120716202e+00
2.989294920054001548e+00
3.024420209996738329e+00
2.751567017223970346e+00
3.379791012875678735e+00
4.018189105085729018e+00
4.080589074363599522e+00
3.052300494057670566e+00
3.838563516033721701e+00
4.649998831920102660e+00
3.171634447858904249e+00
3.688528490625562650e+00
3.193670628789523125e+00
5.159772871968981711e+00
2.482357865587468293e+00
3.143838935464142281e+00
4.785527117367826655e+00
4.360149158024399618e+00
2.733585052072723620e+00
2.829356827370915983e+00
4.210944653029923934e+00
2.256211995544616489e+00
1.171142302089928977e+00
2.285278406963383357e+00
4.737428868904220103e+00
3.324897379541494669e+00
2.552574191156060657e+00
4.269813671957436441e+00
3.922373414368501177e+00
3.260237759587708339e+00
2.104233238550896612e+00
3.599980711627158936e+00
1.632868736346701377e+00
2.775236801116429231e+00
6.960076145912732493e+00
2.320167868492108987e+00
6.261595742001390130e-01
1.601741704699846947e-01
2.302572749107111960e+00
3.400702637008329532e+00
3.846097554363258730e+00
3.340607569594890247e+00
1.732382703105937560e+00
2.803354698892930319e+00
5.470623738357772936e+00
5.076695988252451386e+00
1.538582740537153271e-01
3.782671636940745152e+00
5.694170609235627012e+00
1.218031450985331388e+00
3.913209317401335152e+00
4.786013489715709390e+00
5.830647923292340273e+00
4.716146160073784621e+00
3.301501868353051261e+00
3.464764282562518449e+00
9.399596088862305354e-01
1.015770949140164969e+00
4.853636376647429529e+00
9.219014684541102511e-01
1.584351118433769079e+00
4.625472152477430932e+00
4.174528906880023094e+00
5.607964301632885729e+00
6.346476194590192854e+00
3.120030953988120359e+00
1.162416559943027394e+00
3.368968489900276087e+00
9.116117971021490130e-01
2.203534851564064589e-01
3.947855021782373353e+00
2.815653995404334253e+00
2.841919080973151601e+00
9.644921380039853664e-01
5.278985925366948884e+00
2.967928079369784311e-01
3.303928573692699988e+00
3.417849298169862049e+00
1.726062274530663299e+00
4.904937217228175328e+00
3.183676502374520823e+00
6.567618279760154998e+00
