2.102891530446551371e+01
1.875701329105653770e+01
2.053023430818979378e+01
1.891040338939000520e+01
2.111910879481457570e+01
1.859450060123096193e+01
1.974263869484238398e+01
1.980186310818444895e+01
2.125459369032616408e+01
1.795123524891464939e+01
1.845218912406567568e+01
2.016572697038644435e+01
1.961119477826953528e+01
2.028374133766186560e+01
1.764751878588284839e+01
1.825775661332811239e+01
2.181354502108891324e+01
1.788797976772602283e+01
2.161796364533075732e+01
1.668145644453791476e+01
1.995591889588578027e+01
1.945548230416466495e+01
1.840212612188027919e+01
1.842468037956980353e+01
2.159738429551266492e+01
2.162868157154605342e+01
1.961014538182436340e+01
2.186481535682826660e+01
2.255420744977882919e+01
1.878196962039066875e+01
2.164575793303974649e+01
2.104576578720127955e+01
2.404603273428050869e+01
1.725746846229306897e+01
1.938119071451870923e+01
2.336999621393367121e+01
2.035184868439617034e+01
1.996597494472846890e+01
1.831620117410208337e+01
2.203618648481729991e+01
1.596638195162522855e+01
1.195371253955612723e+01
1.672877083972009160e+01
2.313684715186421670e+01
1.972225629246743495e+01
1.913689205109741920e+01
2.189957836833616867e+01
2.207147304623142148e+01
2.136439179744449035e+01
1.472323252980382335e+01
2.130968301037232848e+01
1.793866756745854829e+01
1.959347892785988066e+01
2.521059288322572911e+01
1.823778721024683946e+01
1.231374432017840270e+01
1.178410702275459876e+01
1.521866070655998193e+01
2.186351771280183343e+01
2.144638660601059854e+01
2.145771017990853480e+01
1.708397626360032362e+01
1.893469125675498788e+01
2.298138379948435528e+01
2.341141154743489849e+01
1.165849031619687715e+01
1.952671065473277423e+01
2.492667734564667015e+01
1.276168575645066205e+01
1.908977768039911638e+01
2.197082961633235598e+01
2.090891413441920221e+01
2.199281488457384626e+01
2.119809626231511146e+01
2.118883057600482189e+01
1.249449685360925599e+01
1.083289108036309933e+01
2.174834147132123974e+01
1.176625107435857664e+01
1.624798030327791665e+01
2.309295582947115122e+01
2.240384760513500950e+01
2.352575396416109754e+01
2.086755264907214880e+01
2.030216166695864644e+01
1.305680610845991829e+01
2.151931176704868065e+01
1.111615477808648755e+01
1.089676330623611911e+01
2.228641495849963761e+01
1.914977056510327813e+01
1.734529406187241918e+01
1.076640136690610206e+01
1.761011294500302427e+01
1.129484044224922101e+01
2.635628694302787522e+01
2.137301654437490583e+01
2.173106855869262688e+01
2.133695419122749115e+01
2.021668783780948786e+01
2.404355850285514506e+01
