-2.356212694358060489e+01
-4.076024980081282223e+01
-2.624185558466951917e+01
-3.978736943226813594e+01
-2.352008490147079556e+01
-4.356094760144800659e+01
-3.175774482577676849e+01
-3.254839567874940087e+01
-1.993552712286861706e+01
-4.646654742837442598e+01
-4.285563718895723184e+01
-3.292505634470840903e+01
-3.154142227719981051e+01
-2.711302351025464930e+01
-5.132582076804345661e+01
-4.299276082740117744e+01
-1.888536648439049515e+01
-4.452859981056039373e+01
-1.945977246771870028e+01
-5.594493566635067339e+01
-3.369794301810787118e+01
-3.566308332594568498e+01
-4.379490556277758628e+01
-3.592171318059450869e+01
-1.476185298064408791e+01
-1.703161016623860746e+01
-3.543784908236227693e+01
-1.879404029198688875e+01
-4.465908250479279751e+00
-3.795294920667161875e+01
-2.095552890762220599e+01
-2.602864099668062181e+01
5.014733081402726000e+00
-4.965963269551281201e+01
-3.505251832739408968e+01
1.276136086441152839e+00
-1.644508594946697499e+01
-3.627559833707581305e+01
-4.166863708144294520e+01
-8.515828763542302227e+00
-5.743588209853418647e+01
-8.777785633183552250e+01
-5.250239210808549473e+01
1.018137973329414220e-01
-2.876757108840971000e+01
-4.312627379677267925e+01
-9.604700205369134380e+00
-1.448936188744169939e+01
-2.108864596867001495e+01
-6.623737260327837362e+01
-2.134777419747496907e+01
-5.585000662823631501e+01
-3.570466407467716863e+01
3.283267623738684193e+01
-4.569623407225743250e+01
-8.969553663176644420e+01
-9.528630442922906241e+01
-5.887971571755018374e+01
-1.944077115010226464e+01
-1.191828940741009824e+01
-2.032467972053724736e+01
-5.338596344727157827e+01
-4.090628638327861921e+01
3.384094079691663204e+00
5.724451996132412290e+00
-9.499491165873095611e+01
-2.154420890355085305e+01
9.525831979466499178e+00
-8.241532430741884241e+01
-2.832391858987613276e+01
-6.603214701140005971e+00
4.910019079519902796e+00
-1.037826453534253446e+01
-2.619944418298178945e+01
-2.359502713972598187e+01
-8.736670833725932539e+01
-9.330533299817388126e+01
-2.567116184265269219e+00
-8.724392619530884474e+01
-6.470851899893213499e+01
-4.823025149105797382e+00
-8.878148664328691098e+00
5.758104347488441910e+00
3.981986080308652642e+00
-3.142450459081921110e+01
-7.839314327403593552e+01
-1.619288507309029868e+01
-9.518460181555867905e+01
-9.750855871032740652e+01
-9.539084562458503669e+00
-3.559646952172180079e+01
-4.290714278933386083e+01
-9.650583416773606871e+01
-1.662164071073559768e+01
-9.637314051506328383e+01
-1.266737214205933526e+01
-1.707364336014192574e+01
-3.693218291607717418e+01
-9.793156732807959841e+00
-2.960327123774653657e+01
2.080976603220955923e+01
