3.563870197470881518e+00
2.824385027422062766e+00
3.490113502935503043e+00
2.748809704926407527e+00
3.511321110868047768e+00
2.635737161604425172e+00
3.251184512354930334e+00
3.162841068500814146e+00
3.740075457097693512e+00
2.652584619507947217e+00
2.682169109262983575e+00
3.057656449959388123e+00
3.446697828591857693e+00
3.547256779365061341e+00
2.239260108942942473e+00
2.798493796174910120e+00
3.714581938713409137e+00
2.876258360612641507e+00
3.676005280851615264e+00
2.152265504296905441e+00
3.001709082420566777e+00
3.037893335012513685e+00
2.765489996401763850e+00
3.395905653920481715e+00
4.032466080875986236e+00
4.097194311917080611e+00
3.065160704209674680e+00
3.853232872265045295e+00
4.666842937938631586e+00
3.187197927203638592e+00
3.702774388134664640e+00
3.203799008438619644e+00
5.177203681702980731e+00
2.495220944311945743e+00
3.157802711548901353e+00
4.801006592055324873e+00
4.377568601365136480e+00
2.743791805459236954e+00
2.841952815270071486e+00
4.223857992291367935e+00
2.269478270719357482e+00
1.186190068908962614e+00
2.296892471442565142e+00
4.752292612915884007e+00
3.337704985635047805e+00
2.564471100972645967e+00
4.284192280361238225e+00
3.937166554249219352e+00
3.271008059573279780e+00
2.119500731976755148e+00
3.612802631511976337e+00
1.641805681414023166e+00
2.786377427200943835e+00
6.984377860996345611e+00
2.328814074131219769e+00
6.379663562208931493e-01
1.689338149781668408e-01
2.315635453328714899e+00
3.410870953130087813e+00
3.855179660451691248e+00
3.350043863116352938e+00
1.738457753252496074e+00
2.816343970551978160e+00
5.491981725089637223e+00
5.091763761433838020e+00
1.614509310082622162e-01
3.796638712021916717e+00
5.717070024793038385e+00
1.231678684724740958e+00
3.931567139130717425e+00
4.804619114606221153e+00
5.854189799992680854e+00
4.735740846524403302e+00
3.314453860580493405e+00
3.476619077690410897e+00
9.534084580094622785e-01
1.031853417718172627e+00
4.870498584258100117e+00
9.330582035153948128e-01
1.597972921081330711e+00
4.641371441929206476e+00
4.185278196257710803e+00
5.633296379301191870e+00
6.375083074630921054e+00
3.132781801739149774e+00
1.172856997755811426e+00
3.376146330729303813e+00
9.283324263012981969e-01
2.299163865056773615e-01
3.959104048595685210e+00
2.824871031775217478e+00
2.856848166078455264e+00
9.821094105566396948e-01
5.305071375503969122e+00
3.072719760691087765e-01
3.313748771469930077e+00
3.425592111364248460e+00
1.728505283980421137e+00
4.925360856729389170e+00
3.195503474508602615e+00
6.590956661968538022e+00
