1.871455068838485403e+01
1.645185491904127773e+01
1.820916197306461015e+01
1.663462254247366090e+01
1.881599977083468289e+01
1.630425974016092994e+01
1.742819411469099222e+01
1.749652134188474051e+01
1.893601626628446510e+01
1.563235150013858821e+01
1.616136977530852548e+01
1.787874047842686309e+01
1.725366594655505992e+01
1.794130698432193682e+01
1.537860107140976318e+01
1.593823151056871801e+01
1.951064008859898635e+01
1.553506969716582731e+01
1.932008795420444969e+01
1.438989667202047151e+01
1.767438383159178272e+01
1.714929091926016014e+01
1.608206000220356202e+01
1.604031363169340096e+01
1.926206433555814712e+01
1.925092014081650404e+01
1.730321918045011387e+01
1.952559543791630858e+01
2.016852433237116671e+01
1.642055281715549242e+01
1.932266344947131387e+01
1.879880975310430813e+01
2.163344427620409505e+01
1.494890016967982938e+01
1.705344682018231239e+01
2.101214266782460882e+01
1.793045657823290995e+01
1.772328274187421115e+01
1.600575267888139308e+01
1.972297652905934484e+01
1.364098538421683671e+01
9.589151321821312024e+00
1.444304636400627651e+01
2.078096888465949732e+01
1.741706085941416760e+01
1.686817615328367026e+01
1.956000559820818196e+01
1.974786678085839497e+01
1.913407129069504009e+01
1.234695120417960013e+01
1.900687131944123820e+01
1.575183590201906902e+01
1.734342458546064947e+01
2.264170596114999867e+01
1.601337705465447669e+01
1.004896135722111516e+01
9.580013446209260763e+00
1.288040103429816519e+01
1.962480361597623713e+01
1.919110552418024085e+01
1.923084786664039214e+01
1.492434481403400959e+01
1.663077780189810539e+01
2.048025402198094724e+01
2.102763768383374909e+01
9.468779785988157727e+00
1.719168940185607042e+01
2.241652061551211261e+01
1.043792524287709078e+01
1.666007626790359808e+01
1.954557293607800972e+01
1.835101116136899790e+01
1.953179446548167775e+01
1.891531150331117672e+01
1.890299538563149184e+01
1.018244950765157242e+01
8.448578830080153423e+00
1.934570079387574637e+01
9.477272256433353803e+00
1.397979576298529913e+01
2.071370887418752815e+01
2.010623929889500161e+01
2.099511890579240969e+01
1.819055962783603064e+01
1.802103402602012139e+01
1.079571612137268488e+01
1.933177453499225251e+01
8.727972142987768578e+00
8.662513124423949051e+00
2.001312417172925251e+01
1.691308667472250349e+01
1.501148178220716289e+01
8.360020307707417331e+00
1.497558734926757396e+01
9.048347247213396116e+00
2.418253382107728555e+01
1.916651854441608194e+01
1.970675352440643024e+01
1.885522313701812891e+01
1.793227792511899921e+01
2.146585962118287583e+01
