-2.128389292555294077e+01
-3.709224892821326591e+01
-2.372290384345631864e+01
-3.623086015754105915e+01
-2.126744612332940321e+01
-3.970326100849647588e+01
-2.879124796671063180e+01
-2.954328345149415824e+01
-1.791399846538010010e+01
-4.231593541884338805e+01
-3.902671401228516856e+01
-2.996352121273205782e+01
-2.853477419155420591e+01
-2.448593322260143523e+01
-4.687080141533910904e+01
-3.910255122009795059e+01
-1.702814360459096577e+01
-4.045730698856416296e+01
-1.754494026565275888e+01
-5.104619976955951444e+01
-3.065888468727948180e+01
-3.241399829150927303e+01
-3.987732357371115910e+01
-3.244851118170342374e+01
-1.310132678873850764e+01
-1.518772237797107394e+01
-3.222807555049681838e+01
-1.690987262960384641e+01
-3.540746653586440917e+00
-3.441784529259346215e+01
-1.892632126040865614e+01
-2.367239738769319857e+01
5.150215280566255771e+00
-4.522311687163027472e+01
-3.181403048807956324e+01
1.691828550167250089e+00
-1.444555504622324449e+01
-3.311776964487196295e+01
-3.788229322191197923e+01
-7.333272262954829479e+00
-5.231821167295483122e+01
-8.015427823808062158e+01
-4.783768335853566356e+01
6.298534808727398460e-01
-2.598484417754923825e+01
-3.939697481415150548e+01
-8.313650872410381254e+00
-1.289370599201315315e+01
-1.906351863168075766e+01
-6.034706338978320872e+01
-1.925966345106444066e+01
-5.120438986889904243e+01
-3.251602903993961036e+01
3.124401688289508883e+01
-4.173437930438073096e+01
-8.207763734471768657e+01
-8.729672464567487111e+01
-5.357292639432377257e+01
-1.760918963590738784e+01
-1.048605035558897569e+01
-1.839862029480852001e+01
-4.883053130693279087e+01
-3.725802911267437878e+01
3.849695677396741456e+00
5.878040478305378791e+00
-8.703345648952763725e+01
-1.917012652745291845e+01
9.369780310129513623e+00
-7.527919434615299110e+01
-2.539502069400827011e+01
-5.462337939097520412e+00
5.635109095647067967e+00
-8.926658391398468950e+00
-2.381137690869131873e+01
-2.137918194812147732e+01
-7.988505326728073896e+01
-8.515497653459694050e+01
-1.638183022177709836e+00
-7.970586364986684202e+01
-5.918421233015268967e+01
-3.973904937375841495e+00
-7.772953163518979913e+00
6.078591108777750662e+00
4.838703487463054564e+00
-2.860718833556493834e+01
-7.162060919859014518e+01
-1.457105990001471874e+01
-8.693942770218384908e+01
-8.923166417030061837e+01
-8.332015569407332123e+00
-3.239643701586201985e+01
-3.887264655105444433e+01
-8.812990099118248111e+01
-1.400250123570879168e+01
-8.820897431330304528e+01
-1.194579298140200940e+01
-1.535191017137053748e+01
-3.415793301873928556e+01
-8.293884576442080103e+00
-2.685468314465090245e+01
2.010006762590723284e+01
