2.061389889520065521e-03
2.085354642322188694e-03
2.090373068225603089e-03
2.120655351854080963e-03
2.051955900624560878e-03
2.105454650223109823e-03
2.096279688894846487e-03
2.020403988664855755e-03
2.003094681049063467e-03
2.060938568098365665e-03
2.046518496428613703e-03
2.080889510053421203e-03
2.217035647327316762e-03
2.063172523975842585e-03
2.013321384225249915e-03
2.157899246805130167e-03
1.994107706988212936e-03
1.796466824535913106e-03
2.157624189768114330e-03
1.936651946432759591e-03
2.047838249592596766e-03
2.134223905527364660e-03
2.205262052583345598e-03
1.979461000493358894e-03
1.810916949450953276e-03
2.089813067895618642e-03
1.870407147718916455e-03
1.743770404885259823e-03
1.802018442089997922e-03
2.041403327072607507e-03
2.140560624733639072e-03
1.879141127281525785e-03
1.795279031790844365e-03
1.938659901921899057e-03
2.058508035932433804e-03
1.821469480847943967e-03
1.955581174358393248e-03
2.243180397453915700e-03
1.804938194072497077e-03
2.018077921211693364e-03
1.889520136237333482e-03
2.171750405944561889e-03
1.875331940919492540e-03
2.133324207880994347e-03
1.623178276828438071e-03
1.748351231149274402e-03
1.973314796810307289e-03
2.087549560356315777e-03
2.061046013809810905e-03
1.751103995872900802e-03
1.928047073333941357e-03
2.052262141549822654e-03
2.151996213347293161e-03
1.737480975870040606e-03
2.080693051084574283e-03
1.899357619263119037e-03
1.689890738346041523e-03
1.894643230174770628e-03
1.656274555745661410e-03
2.216967588118446981e-03
1.877360267000023012e-03
2.257310463957162405e-03
2.281303292430801946e-03
1.860870972533624308e-03
1.529225349184730768e-03
1.991528827782650373e-03
1.826414906256003563e-03
1.930075519104311682e-03
1.571930618642854854e-03
1.933999911573015254e-03
1.572803162504152067e-03
1.606087532813586186e-03
1.936966529874220490e-03
1.661570841725765494e-03
2.158059808225049319e-03
1.686333848527032421e-03
2.409926451450817003e-03
1.793054405595547037e-03
2.770335115942340436e-03
2.120659271522462933e-03
2.021900884410751751e-03
1.926270726003842006e-03
2.252577984139322517e-03
1.851551986330500455e-03
1.881731904802179563e-03
1.581249734969601304e-03
1.884181075934866865e-03
1.083259726201353653e-03
2.033798957431215762e-03
1.480364577709244881e-03
1.740487336300060696e-03
2.098501478867366345e-03
1.288044699931478135e-03
9.851803777815189549e-04
1.712986400646187993e-03
1.827494922613196165e-03
1.644806594679883638e-03
2.592991447233846530e-03
1.439801772687184303e-03
1.377268419690799760e-03
1.819596841100912374e-03
