1.674584152664537924e-03
1.677204980628038255e-03
1.657573039212911206e-03
1.703149854050805059e-03
1.723021724991556300e-03
1.710299859576830915e-03
1.596626622023634935e-03
1.707831573769211979e-03
1.686718866306259612e-03
1.707480937213364794e-03
1.732097057815658011e-03
1.725040274564045278e-03
1.748145441044810476e-03
1.687070058772802746e-03
1.819627440046301791e-03
1.701543517471446141e-03
1.698903313725013504e-03
1.663121731526952555e-03
1.760675879710493210e-03
1.602776149743068623e-03
1.720528667719920836e-03
1.844166540821699438e-03
1.801689641154155790e-03
1.576260301373011733e-03
1.769887145817393903e-03
1.652432663712285988e-03
1.776979648955606629e-03
1.632772177839685685e-03
1.692042646148666195e-03
1.790390477711855310e-03
1.837626947073154465e-03
1.683760832643612119e-03
1.715395085779328286e-03
1.894066187812059330e-03
1.722198384454375108e-03
1.694945534032923787e-03
1.681742454411161219e-03
1.812342613471920822e-03
1.669033088616073569e-03
1.751363145920270580e-03
1.706005172824002743e-03
1.939438562061235587e-03
1.837815724350432521e-03
1.822233445334004841e-03
1.594474545986146290e-03
1.834336586382590483e-03
1.777096669391777612e-03
1.690353642393716688e-03
1.518461919728229803e-03
1.976909054840264926e-03
1.958589300869086319e-03
1.323604653271413670e-03
1.828291759510862740e-03
1.883134980104025349e-03
1.940596100241333407e-03
1.605466274949769170e-03
1.884447647440573408e-03
1.877691106596150218e-03
1.772024209601001567e-03
1.427408500357949103e-03
1.721550453955462924e-03
1.433228390068217893e-03
1.981750317825777853e-03
1.361550692296838562e-03
1.713819842367422016e-03
1.973452242949147450e-03
1.752139658910161673e-03
1.517939530751832508e-03
1.790498655751774672e-03
1.900196820911795835e-03
2.212305642436030069e-03
1.690950998075694016e-03
1.926235976226773781e-03
1.806208978765297445e-03
2.001479879256798464e-03
1.736461383157783187e-03
1.553774099556365059e-03
1.808349525192670931e-03
1.849352693943565225e-03
1.806505158395890504e-03
1.937627130510687686e-03
1.710791039386915305e-03
1.815963617746808867e-03
1.913576526376082644e-03
1.671854433141554703e-03
1.540490623386840240e-03
1.841018744609057177e-03
1.749599783375854973e-03
1.754640133300235886e-03
1.398215013568705799e-03
1.715545958449569888e-03
1.693764093215506224e-03
1.975282505892742707e-03
1.096123212726946797e-03
1.662314956756110775e-03
2.185625672732104466e-03
1.716566601185501003e-03
1.323802738361015349e-03
1.240268089671182255e-03
1.779852003958458948e-03
1.712882812700142632e-03
