1.138410214473526139e-01
1.135153247545354488e-01
1.130147185098357293e-01
1.131989809237701483e-01
1.138721777196488594e-01
1.139674355257218052e-01
1.145890909271434777e-01
1.134328866015014009e-01
1.134843422653209755e-01
1.138744775410711479e-01
1.140385780571332580e-01
1.141033228712124148e-01
1.145687889201031789e-01
1.149216153920390032e-01
1.143558682264487064e-01
1.135956575474195429e-01
1.149668178331107876e-01
1.152060900940016785e-01
1.148165556994515529e-01
1.157384461867107805e-01
1.168629974122182558e-01
1.167178580083564204e-01
1.166283595798396633e-01
1.160883054115962459e-01
1.182461496850441690e-01
1.182229761593513034e-01
1.189864412995814275e-01
1.184530700668794123e-01
1.174819452956280957e-01
1.212125755126866183e-01
1.188967808874291099e-01
1.188381793464959313e-01
1.217073043659870069e-01
1.202619607568338606e-01
1.200222878023315259e-01
1.222128387666412130e-01
1.203790852834864117e-01
1.209472964048548399e-01
1.239408948128588317e-01
1.208271843564568682e-01
1.238928829536364018e-01
1.240042610653227378e-01
1.269510430216573005e-01
1.232482960640140929e-01
1.242557602927320121e-01
1.273747121837065233e-01
1.258918001270016296e-01
1.289758770588655123e-01
1.275875137019107652e-01
1.297959734938585741e-01
1.273724026519668928e-01
1.294762111822521100e-01
1.294529171686636393e-01
1.287933194629336253e-01
1.347756540809921244e-01
1.307971428664816971e-01
1.345536951606422227e-01
1.319721779290894959e-01
1.356980918985908890e-01
1.362398278599678270e-01
1.385823243058363075e-01
1.371339099242903092e-01
1.345557604253227457e-01
1.399459932951075125e-01
1.391758501148660510e-01
1.401876380255913379e-01
1.425920715975617648e-01
1.403888783011432162e-01
1.452289042324719226e-01
1.422455162984648525e-01
1.480804724017407981e-01
1.481342819374802389e-01
1.485244296914541851e-01
1.504994654301121948e-01
1.499101539094386815e-01
1.480837409457356202e-01
1.539434432963068811e-01
1.534855209819786792e-01
1.528546410567900582e-01
1.591139242910034335e-01
1.567615830745257011e-01
1.560527822179959556e-01
1.560449994794005646e-01
1.607595959699955335e-01
1.622026597287270500e-01
1.639486178689653073e-01
1.633057708295395094e-01
1.615140391998128311e-01
1.611535120089372664e-01
1.669123045365888403e-01
1.681946007927692666e-01
1.662498668025491622e-01
1.669130679009880047e-01
1.706403412195353908e-01
1.642181179532183621e-01
5.359686003140199384e-01
1.745474266364532012e-01
1.701998481687937437e-01
1.752056020225674915e-01
1.800670843819542899e-01
1.804597474635479537e-01
