-1.784239871586876204e-03
-1.799162060511122355e-03
-1.778550535765406485e-03
-1.851319185428568475e-03
-1.843202881853140372e-03
-1.824165399244158988e-03
-1.732583155151112874e-03
-1.840510364839951932e-03
-1.851917716314252721e-03
-1.777781375255635139e-03
-1.843172349407307250e-03
-1.863275997619924995e-03
-1.813442236302836201e-03
-1.755017719383754815e-03
-1.966243493768795713e-03
-1.880976999344878683e-03
-1.848533432381799929e-03
-1.740274571456346640e-03
-2.027352300579282878e-03
-1.694591334814728309e-03
-1.764262954220826652e-03
-1.995778919937300517e-03
-2.031235911809031649e-03
-1.753114468134069331e-03
-1.827033360689326756e-03
-1.793057190206370213e-03
-1.914923354787227174e-03
-1.722650370403198614e-03
-1.729904471997072710e-03
-2.097026973346929630e-03
-2.000410199382423974e-03
-1.868248918218256508e-03
-1.722718904951775010e-03
-2.008593046706484957e-03
-2.009183888090580565e-03
-1.937069027053563630e-03
-1.712060927700799701e-03
-1.896922311189620184e-03
-1.788814570913300041e-03
-1.963680650370685458e-03
-1.840200644742835245e-03
-2.095747418739044975e-03
-2.022399480907726647e-03
-2.032809628570987365e-03
-1.664802969292089249e-03
-2.052113131231230684e-03
-1.914717740624416204e-03
-1.826167798986108462e-03
-1.776797595893330438e-03
-2.171359147309810493e-03
-2.006075110565610012e-03
-1.391368996101222371e-03
-1.860902566500695528e-03
-1.921839457323239447e-03
-2.009400561707262462e-03
-1.622421033474355642e-03
-1.908448863625421916e-03
-2.138643531661869011e-03
-1.778335611908359081e-03
-1.726048943998349534e-03
-1.916800703285358089e-03
-1.518609712737510912e-03
-2.090635388702884092e-03
-1.690165580397634667e-03
-1.932824228404533655e-03
-2.272129308456091734e-03
-2.082528597582827996e-03
-1.393532266474065747e-03
-1.800695494053139922e-03
-1.992600398093795962e-03
-2.115174576397143170e-03
-1.692359999120320816e-03
-2.155186292106587957e-03
-1.921553922372152287e-03
-1.979643117466462453e-03
-1.796332993983922825e-03
-1.736434551421093273e-03
-2.136490615558835245e-03
-2.080181216114599264e-03
-1.861349412004671905e-03
-2.350789277890110059e-03
-1.724288846445375632e-03
-1.801587911894780717e-03
-2.000207140959106740e-03
-1.987940052199187787e-03
-1.664006615566909720e-03
-2.072467006575244401e-03
-2.203816815948873072e-03
-1.972665424071301694e-03
-1.570057309425296720e-03
-1.837221483419063670e-03
-1.571167579180007823e-03
-2.158605606965536064e-03
-1.344565825935535716e-03
-2.162743190421161001e-03
-2.655752445406754821e-03
-1.403526830318938814e-03
-1.686027072810603999e-03
-1.557241408020320229e-03
-1.550479136674741843e-03
-2.396785619903158554e-03
