6.745557385241488131e-04
6.997142406254229507e-04
6.003968025926163929e-04
7.709773005668542302e-04
5.910442791408064859e-04
6.511211359593633988e-04
6.584837073578841439e-04
7.379538373278222724e-04
7.153109566979491945e-04
6.122725121758465158e-04
5.823720473668846662e-04
7.930217971262317573e-04
5.643057896889707619e-04
4.658595659589343397e-04
7.206679625464756066e-04
7.730161315666488108e-04
7.190976107476852036e-04
4.520588844781171312e-04
1.025875895090850708e-03
5.921174662502466050e-04
5.947707534929054388e-04
6.818346023004839872e-04
9.052119552091813419e-04
6.940689302405708217e-04
5.511017786019574514e-04
6.179464686461876889e-04
6.688161132074482186e-04
7.802586100613469623e-04
3.962618221627752717e-04
8.501207130482406771e-04
7.816934884117863547e-04
6.494654796917001018e-04
3.224222517963388763e-04
8.285437184750164049e-04
6.578340619911840405e-04
9.894691402382543681e-04
1.007584917883855465e-03
6.715535997051927039e-04
4.707781494843196551e-04
6.921622255535834784e-04
7.457475481682635486e-04
7.854806095689189629e-04
6.077803678969093733e-04
6.335265435542339904e-04
4.769538319198344655e-04
1.057841565340348657e-03
3.507243099918050237e-04
6.188197026930130967e-04
6.454837184855724422e-04
5.015868311908660724e-04
4.864671360277637358e-04
5.658476257484143122e-04
4.829829669801454428e-04
3.789240403744123563e-04
8.594784417265818530e-04
3.904074616068712211e-04
8.564613106792709225e-04
1.244232233837732227e-03
6.256240916300462957e-04
6.993166502673140187e-04
8.904844618729150030e-04
4.347259551707240459e-04
1.009102326039684402e-03
7.775742600183616115e-04
7.872633808929462669e-04
7.626638301369260096e-04
8.874720115011690931e-04
2.421343706079371575e-04
1.525283328444578608e-04
4.057928527679061830e-04
8.850276709866866046e-04
4.379748937192101199e-04
1.349682969707455228e-03
6.296407838788108157e-04
6.164618738825962830e-04
-1.329410119141820906e-05
1.161630161708132863e-03
7.590204738910580210e-04
5.847289140717607360e-04
4.120998778629151454e-04
9.864812422076458566e-04
9.645327571023771434e-04
4.667122727342663639e-04
9.468163154990260569e-04
1.039294317075734877e-03
8.453601412163104251e-04
7.200002062355764050e-04
1.224051525522279861e-03
7.127427050529477068e-04
-3.223885145715952444e-04
7.153657450414303029e-05
-3.668060504447600884e-04
1.008025417604925100e-03
3.645827036069470791e-04
1.977638010504571917e-03
1.255828293918183044e-03
1.551294192298705975e-04
3.975536581949897018e-04
8.392303805447594951e-04
4.773787537191364564e-04
7.223291926916698734e-04
