-2.716931282065407176e-03
-2.736783451371392097e-03
-2.717405539701019546e-03
-2.750490115687835146e-03
-2.669306104024899134e-03
-2.718193297832208373e-03
-2.719867254383110874e-03
-2.670631441789423754e-03
-2.662071308188417723e-03
-2.706370108944381771e-03
-2.664978714309231261e-03
-2.670622993795074979e-03
-2.805979141575021783e-03
-2.697394395327089734e-03
-2.649512080773717710e-03
-2.776242103206586018e-03
-2.698849772883341221e-03
-2.471845853014958874e-03
-2.781573350741669507e-03
-2.578061014962259711e-03
-2.751364177538210762e-03
-2.781635295741385124e-03
-2.792393274242935004e-03
-2.635039975539704184e-03
-2.530029486261937445e-03
-2.670125355171764584e-03
-2.616495975215333766e-03
-2.451526698662507501e-03
-2.455412325400773300e-03
-2.685567566986501401e-03
-2.741502777310222527e-03
-2.582435287232429360e-03
-2.499538576520605928e-03
-2.605143384064975004e-03
-2.646866953710126820e-03
-2.499689013585948590e-03
-2.539928182703918291e-03
-2.896474930467851649e-03
-2.543594375373079558e-03
-2.624965900552856616e-03
-2.587703498523663548e-03
-2.900982745260244876e-03
-2.386604041105619411e-03
-2.562010567711110309e-03
-2.330046249499166233e-03
-2.397356488543044787e-03
-2.558552195701123671e-03
-2.695939087359286966e-03
-2.782804132753960869e-03
-2.484676918268440785e-03
-2.576418964328695046e-03
-2.629141220737530021e-03
-2.836501817398336036e-03
-2.548550986304529489e-03
-2.793462754703300317e-03
-2.711228131625570675e-03
-2.278695916674610637e-03
-2.495933616141606144e-03
-2.355050457713101387e-03
-2.849935339329361540e-03
-2.635816750282411747e-03
-2.939753423813509705e-03
-2.934381018085649960e-03
-2.644930822245586486e-03
-2.225755451831003869e-03
-2.501083461533546923e-03
-2.500245161922313563e-03
-2.675550321279160891e-03
-2.218348021464182189e-03
-2.357784026306559717e-03
-2.259166214477354665e-03
-2.345806084656312535e-03
-2.382356150644731468e-03
-2.399022013796301128e-03
-2.680127340795291323e-03
-2.393779136907286682e-03
-2.870700912740668971e-03
-2.479093611839231111e-03
-3.162186486159419135e-03
-2.793907942146134967e-03
-2.776302552492201318e-03
-2.727047132238488193e-03
-2.740622695926590077e-03
-2.463034641166046701e-03
-2.680234399018189672e-03
-2.086924142017244736e-03
-2.519567500780855920e-03
-1.739263897952099402e-03
-2.718550244358291113e-03
-2.244999754161234456e-03
-2.147349821402099769e-03
-2.661688616667603861e-03
-1.798687186490804772e-03
-1.886670433769864659e-03
-2.358811152697470274e-03
-2.221052313326038561e-03
-2.545674336300862532e-03
-3.057380998958416154e-03
-2.131535137887732422e-03
-2.021985301629644453e-03
-2.409464313546472690e-03
