-1.139093303016303115e-03
-1.222719116775141572e-03
-1.276106938523988502e-03
-1.289441163403766324e-03
-1.282562057122219393e-03
-1.271784497549999443e-03
-1.176590840739840087e-03
-1.214765430725604735e-03
-1.307198555582733115e-03
-1.266777969947526124e-03
-1.216890110047399781e-03
-1.318681044359979165e-03
-1.351538236780964845e-03
-1.219484568836931831e-03
-1.182144708502366358e-03
-1.268076868069820595e-03
-1.138946805701016593e-03
-1.339781534834288577e-03
-1.052983454868936745e-03
-1.182880959646298059e-03
-1.146223834112436056e-03
-1.359910728383845408e-03
-1.116847314379099815e-03
-1.155929381711923989e-03
-1.227719235778774055e-03
-1.537458329932283327e-03
-1.296794650812875798e-03
-1.149566109076382561e-03
-1.230424359883446322e-03
-1.169400845715484749e-03
-1.220124644925171592e-03
-9.551643866453217620e-04
-1.168181622258063993e-03
-1.111754193603853172e-03
-1.223177612896260208e-03
-1.303997708068416498e-03
-1.065126399413821034e-03
-1.081729865565215880e-03
-1.122142063062254655e-03
-1.230141501945186504e-03
-1.198265990331936906e-03
-1.171389319632540815e-03
-1.420490362672995315e-03
-1.681776240665833460e-03
-1.263111090419436399e-03
-1.483295138740110472e-03
-1.255859415460044417e-03
-1.423369811575739838e-03
-1.294449663723075449e-03
-1.254214045565355982e-03
-1.008352969930825229e-03
-1.208959947042594855e-03
-9.108859930234616950e-04
-9.311337579186074360e-04
-8.794837135149322733e-04
-1.123357002570577173e-03
-1.175654019379655368e-03
-1.306813682379501631e-03
-9.051856223447093779e-04
-8.752507447491544336e-04
-1.136424104186127201e-03
-1.420917776272982583e-03
-1.349098617316836501e-03
-1.226248184743459124e-03
-1.168769702306188306e-03
-1.243334162240652355e-03
-6.353389466109085225e-04
-1.132770035889743825e-03
-1.657856317764535691e-03
-1.382480414899463694e-03
-1.345939678936166608e-03
-1.086376880354285573e-03
-9.782370967155471029e-04
-8.785985696270940488e-04
-8.499051106553296006e-04
-1.817756624736457027e-03
-1.324871622858430015e-03
-1.438739802899120313e-03
-9.675795628257369578e-04
-1.070250286906501399e-03
-1.003817703582752987e-03
-7.385963230633106960e-04
-1.625034901789522640e-03
-1.307683344410589046e-03
-4.414998799925320592e-04
-1.948300452810279105e-03
-9.916498752171466324e-04
-1.646547099285851834e-03
-9.946707379574696705e-04
-1.134714432434279349e-03
-1.654733331654674238e-03
-1.381132674851558292e-03
-1.326092283118281059e-03
-9.506772459546397169e-04
-7.770818312964528941e-04
-7.432207799975026246e-04
-1.122995498282190578e-03
-1.273350706023596273e-03
-1.265091611355214155e-03
-2.156106056461480538e-03
-1.460160058762668836e-03
