1.506559514999389560e+00
1.509576880931854159e+00
1.513382595777511552e+00
1.517489272356033370e+00
1.521682721376419023e+00
1.526371294260024936e+00
1.529798161983489946e+00
1.532992494106292680e+00
1.536773151159286588e+00
1.540993171930313155e+00
1.546684414148330688e+00
1.548926848173141524e+00
1.553089201450347900e+00
1.557047051191329912e+00
1.561540776491165072e+00
1.564463394880294844e+00
1.567596900463104292e+00
1.573870927095413208e+00
1.578981614112854093e+00
1.582965457439422519e+00
1.586236494779586836e+00
1.590123468637466342e+00
1.591068035364151090e+00
1.599057352542877286e+00
1.602731275558471724e+00
1.612680643796920776e+00
1.614046794176101640e+00
1.616870230436325162e+00
1.624119448661804244e+00
1.624476510286331221e+00
1.632708144187927202e+00
1.640629440546035767e+00
1.639824807643890381e+00
1.651004695892333896e+00
1.651515793800353959e+00
1.660870558023452848e+00
1.669170421361923173e+00
1.666294252872467130e+00
1.673133975267410367e+00
1.685738003253936856e+00
1.689931374788284257e+00
1.693838548660278276e+00
1.707716292142868131e+00
1.716424870491027876e+00
1.712970608472824008e+00
1.730226469039916948e+00
1.725121116638183683e+00
1.731772166490554765e+00
1.747876524925231934e+00
1.749558895826339722e+00
1.756051832437515170e+00
1.774527472257614091e+00
1.777656883001327515e+00
1.780949997901916548e+00
1.788230210542678833e+00
1.813848400115966708e+00
1.813129222393035977e+00
1.809222245216369540e+00
1.818608945608139127e+00
1.852901512384414584e+00
1.849975562095642179e+00
1.842125433683395430e+00
1.844584441184997647e+00
1.895306670665740878e+00
1.897298139333724931e+00
1.924087882041931152e+00
1.950143730640411466e+00
1.946103930473327637e+00
1.957225555181503207e+00
1.969739723205566451e+00
1.986993110179901212e+00
1.981017494201660067e+00
2.024684578180313110e+00
2.032206445932388306e+00
2.046709614992141546e+00
2.119330531358718961e+00
2.085777777433395208e+00
2.073168063163757235e+00
2.149900615215301514e+00
2.105208694934844971e+00
2.139913260936737061e+00
2.145183491706847967e+00
2.193350160121917636e+00
2.208245664834976196e+00
2.214147460460663019e+00
2.208817082643508733e+00
2.299272704124450506e+00
2.312353783845901400e+00
2.345968037843704224e+00
2.278127878904342651e+00
2.344951176643371493e+00
2.406467634439468206e+00
2.392523479461670100e+00
2.388169556856155396e+00
2.432608211040496737e+00
2.479123973846435458e+00
2.463691455125808893e+00
2.621686232089996516e+00
2.524827170372009100e+00
2.593711400032043368e+00
2.532665288448333829e+00
