   2.6261262e+03   0.0000000e+00   1.6073133e+03
   0.0000000e+00   2.6178830e+03   1.2225304e+03
   0.0000000e+00   0.0000000e+00   1.0000000e+00
   2.6051228e+03   0.0000000e+00   1.6080570e+03
   0.0000000e+00   2.5979472e+03   1.2184281e+03
   0.0000000e+00   0.0000000e+00   1.0000000e+00
   2.6222697e+03   0.0000000e+00   1.6052175e+03
   0.0000000e+00   2.6156441e+03   1.2234451e+03
   0.0000000e+00   0.0000000e+00   1.0000000e+00
   2.6227748e+03   0.0000000e+00   1.6060827e+03
   0.0000000e+00   2.6164275e+03   1.2162724e+03
   0.0000000e+00   0.0000000e+00   1.0000000e+00
   2.6240181e+03   0.0000000e+00   1.6053439e+03
   0.0000000e+00   2.6148351e+03   1.2141699e+03
   0.0000000e+00   0.0000000e+00   1.0000000e+00
   2.6159923e+03   0.0000000e+00   1.6082969e+03
   0.0000000e+00   2.6088547e+03   1.2239640e+03
   0.0000000e+00   0.0000000e+00   1.0000000e+00
   2.6176461e+03   0.0000000e+00   1.6088812e+03
   0.0000000e+00   2.6112268e+03   1.2203379e+03
   0.0000000e+00   0.0000000e+00   1.0000000e+00
   2.6364442e+03   0.0000000e+00   1.6050001e+03
   0.0000000e+00   2.6278416e+03   1.2271339e+03
   0.0000000e+00   0.0000000e+00   1.0000000e+00
   2.6247482e+03   0.0000000e+00   1.6103036e+03
   0.0000000e+00   2.6149231e+03   1.2174652e+03
   0.0000000e+00   0.0000000e+00   1.0000000e+00
   2.6226916e+03   0.0000000e+00   1.6072829e+03
   0.0000000e+00   2.6149224e+03   1.2229247e+03
   0.0000000e+00   0.0000000e+00   1.0000000e+00
