   2.6158672e+03   0.0000000e+00   1.6110586e+03
   0.0000000e+00   2.6083914e+03   1.2267185e+03
   0.0000000e+00   0.0000000e+00   1.0000000e+00
   2.6063779e+03   0.0000000e+00   1.6042268e+03
   0.0000000e+00   2.6001796e+03   1.2146895e+03
   0.0000000e+00   0.0000000e+00   1.0000000e+00
   2.6202671e+03   0.0000000e+00   1.6088762e+03
   0.0000000e+00   2.6142862e+03   1.2239246e+03
   0.0000000e+00   0.0000000e+00   1.0000000e+00
   2.6209330e+03   0.0000000e+00   1.6067257e+03
   0.0000000e+00   2.6150461e+03   1.2245227e+03
   0.0000000e+00   0.0000000e+00   1.0000000e+00
   2.6164570e+03   0.0000000e+00   1.6087345e+03
   0.0000000e+00   2.6079770e+03   1.2153556e+03
   0.0000000e+00   0.0000000e+00   1.0000000e+00
   2.6116352e+03   0.0000000e+00   1.6105326e+03
   0.0000000e+00   2.6053684e+03   1.2321888e+03
   0.0000000e+00   0.0000000e+00   1.0000000e+00
   2.6148450e+03   0.0000000e+00   1.6068151e+03
   0.0000000e+00   2.6096173e+03   1.2266400e+03
   0.0000000e+00   0.0000000e+00   1.0000000e+00
   2.6319543e+03   0.0000000e+00   1.6025839e+03
   0.0000000e+00   2.6238414e+03   1.2235239e+03
   0.0000000e+00   0.0000000e+00   1.0000000e+00
   2.6176673e+03   0.0000000e+00   1.6082839e+03
   0.0000000e+00   2.6085988e+03   1.2173573e+03
   0.0000000e+00   0.0000000e+00   1.0000000e+00
   2.6228122e+03   0.0000000e+00   1.6084830e+03
   0.0000000e+00   2.6157133e+03   1.2279022e+03
   0.0000000e+00   0.0000000e+00   1.0000000e+00
