   2.6149272e+03   0.0000000e+00   1.6064917e+03
   0.0000000e+00   2.6073168e+03   1.2227953e+03
   0.0000000e+00   0.0000000e+00   1.0000000e+00
   2.6067063e+03   0.0000000e+00   1.6070015e+03
   0.0000000e+00   2.6005504e+03   1.2181584e+03
   0.0000000e+00   0.0000000e+00   1.0000000e+00
   2.6198358e+03   0.0000000e+00   1.6047816e+03
   0.0000000e+00   2.6138064e+03   1.2239168e+03
   0.0000000e+00   0.0000000e+00   1.0000000e+00
   2.6195708e+03   0.0000000e+00   1.6058941e+03
   0.0000000e+00   2.6137314e+03   1.2170481e+03
   0.0000000e+00   0.0000000e+00   1.0000000e+00
   2.6173846e+03   0.0000000e+00   1.6048049e+03
   0.0000000e+00   2.6088939e+03   1.2139455e+03
   0.0000000e+00   0.0000000e+00   1.0000000e+00
   2.6115107e+03   0.0000000e+00   1.6068635e+03
   0.0000000e+00   2.6052357e+03   1.2240368e+03
   0.0000000e+00   0.0000000e+00   1.0000000e+00
   2.6155193e+03   0.0000000e+00   1.6065419e+03
   0.0000000e+00   2.6102417e+03   1.2213179e+03
   0.0000000e+00   0.0000000e+00   1.0000000e+00
   2.6303897e+03   0.0000000e+00   1.6033237e+03
   0.0000000e+00   2.6224097e+03   1.2288087e+03
   0.0000000e+00   0.0000000e+00   1.0000000e+00
   2.6182457e+03   0.0000000e+00   1.6079541e+03
   0.0000000e+00   2.6091713e+03   1.2187427e+03
   0.0000000e+00   0.0000000e+00   1.0000000e+00
   2.6217920e+03   0.0000000e+00   1.6066781e+03
   0.0000000e+00   2.6146889e+03   1.2231970e+03
   0.0000000e+00   0.0000000e+00   1.0000000e+00
