   2.6250144e+03   0.0000000e+00   1.6138958e+03
   0.0000000e+00   2.6169775e+03   1.2211890e+03
   0.0000000e+00   0.0000000e+00   1.0000000e+00
   2.6048680e+03   0.0000000e+00   1.6064803e+03
   0.0000000e+00   2.5977166e+03   1.2127076e+03
   0.0000000e+00   0.0000000e+00   1.0000000e+00
   2.6228512e+03   0.0000000e+00   1.6074751e+03
   0.0000000e+00   2.6162361e+03   1.2191639e+03
   0.0000000e+00   0.0000000e+00   1.0000000e+00
   2.6233680e+03   0.0000000e+00   1.6031153e+03
   0.0000000e+00   2.6170404e+03   1.2184333e+03
   0.0000000e+00   0.0000000e+00   1.0000000e+00
   2.6221852e+03   0.0000000e+00   1.6088459e+03
   0.0000000e+00   2.6129758e+03   1.2104849e+03
   0.0000000e+00   0.0000000e+00   1.0000000e+00
   2.6157039e+03   0.0000000e+00   1.6121233e+03
   0.0000000e+00   2.6085659e+03   1.2256741e+03
   0.0000000e+00   0.0000000e+00   1.0000000e+00
   2.6177056e+03   0.0000000e+00   1.6104376e+03
   0.0000000e+00   2.6112994e+03   1.2250236e+03
   0.0000000e+00   0.0000000e+00   1.0000000e+00
   2.6412091e+03   0.0000000e+00   1.6083044e+03
   0.0000000e+00   2.6323467e+03   1.2171116e+03
   0.0000000e+00   0.0000000e+00   1.0000000e+00
   2.6217696e+03   0.0000000e+00   1.6132014e+03
   0.0000000e+00   2.6119964e+03   1.2103784e+03
   0.0000000e+00   0.0000000e+00   1.0000000e+00
   2.6234942e+03   0.0000000e+00   1.6114157e+03
   0.0000000e+00   2.6157682e+03   1.2251734e+03
   0.0000000e+00   0.0000000e+00   1.0000000e+00
