1.638996991850110362e+03
1.639144866965362098e+03
1.638918966650596758e+03
1.639128428900967947e+03
1.638857414721208670e+03
1.638902072290589558e+03
1.639050102399889965e+03
1.638823491222450457e+03
1.638483313676280886e+03
1.638503651087596381e+03
1.638606979428422619e+03
1.639192367657074783e+03
1.638823726620957132e+03
1.638636112033326754e+03
1.638811482458206910e+03
1.639613631656533698e+03
1.638837898796413583e+03
1.639146857438320012e+03
1.639022506068501571e+03
1.638461716415329647e+03
1.638388885423448755e+03
1.639031939437199298e+03
1.637322299489806255e+03
1.638578830025832303e+03
1.638466132934652705e+03
1.639860034888529299e+03
1.638455340731454271e+03
1.639099469484691554e+03
1.638397062405711267e+03
1.638045685416368769e+03
1.639512295041505240e+03
1.639331621015670862e+03
1.639910666619094400e+03
1.640326153275373827e+03
1.638419309420517948e+03
1.640484499250344470e+03
1.638076778013093872e+03
1.637752449428393447e+03
1.639880225988181564e+03
1.639308533797773180e+03
1.637939204135412410e+03
1.637783170184683286e+03
1.639417733130684155e+03
1.637829778697382153e+03
1.639108239566199018e+03
1.640781325267767215e+03
1.639448075919567827e+03
1.642229022165193783e+03
1.638321118033493349e+03
1.636242379493673070e+03
1.645936131148951745e+03
1.640395736348364153e+03
1.638962959107128199e+03
1.638947601234256354e+03
1.639465102854625684e+03
1.638445012260385965e+03
1.637608066312799110e+03
1.636686365174632556e+03
1.637316306369735003e+03
1.640075203271322835e+03
1.639769253322442637e+03
1.638414445971719033e+03
1.637995503067762684e+03
1.638101502369628633e+03
1.636164646940531838e+03
1.627201000408853133e+03
1.639822022552280941e+03
1.638566337938351353e+03
1.638520334976954018e+03
1.635791754459746016e+03
1.638089720569427527e+03
1.637126491406926107e+03
1.639723059001141110e+03
1.635012654368091034e+03
1.637790489593293159e+03
1.638617130146171121e+03
1.637431923821743794e+03
1.635975055140845143e+03
1.640716962271410239e+03
1.641313629268753857e+03
1.640258052063367813e+03
1.634257603573574670e+03
1.637262833330811418e+03
1.632827498962833488e+03
1.637398989211186745e+03
1.635048320813189093e+03
1.638494230009019930e+03
1.638639230285415124e+03
1.637118563681610567e+03
1.644461673262641852e+03
1.641153301214405928e+03
1.637429335053641353e+03
1.639198376674911742e+03
1.639690549626187476e+03
1.637839497545756331e+03
1.637335300116817507e+03
1.640979662523711568e+03
1.639734403533790783e+03
1.644559691748052046e+03
1.641044742278860213e+03
1.639084480643810593e+03
