1.231506310160453040e+03
1.231534989367346270e+03
1.231469198805154974e+03
1.231509403396136577e+03
1.231322689105432801e+03
1.231283726867138967e+03
1.231378952796982048e+03
1.231358026763657790e+03
1.231049171923276390e+03
1.231604949350780316e+03
1.231190484650034023e+03
1.231263694257999759e+03
1.231473236169729489e+03
1.231536395668810655e+03
1.231837454525430076e+03
1.231187735592294985e+03
1.231237005914247902e+03
1.231430689903013899e+03
1.231725422641781279e+03
1.231112491880963717e+03
1.231325533609435979e+03
1.231649903778681164e+03
1.231687606800336198e+03
1.231724928287970442e+03
1.231836627442586632e+03
1.231011176018346305e+03
1.230799818286457594e+03
1.231503277086079606e+03
1.230637898474720487e+03
1.230770089523813340e+03
1.231415331741352247e+03
1.231869453081439588e+03
1.231378542219626070e+03
1.230565477573257112e+03
1.230932189806947235e+03
1.230185255150481225e+03
1.230634936359321273e+03
1.231814461788535482e+03
1.231353555970654952e+03
1.231835039594441241e+03
1.230953679098798148e+03
1.231030565330716854e+03
1.230372758355822043e+03
1.230722554783018722e+03
1.231305330718741516e+03
1.231590260671430769e+03
1.230284570049579315e+03
1.230809874212125806e+03
1.231119491010306092e+03
1.229483040663681550e+03
1.231398265645812899e+03
1.229425706223758198e+03
1.230506277015411797e+03
1.229655025953405584e+03
1.231233938443064972e+03
1.231436027836881976e+03
1.230517858244077843e+03
1.233184229101761503e+03
1.231245055051025247e+03
1.231029400648374803e+03
1.229233334913652243e+03
1.230684927699416903e+03
1.228597928821821824e+03
1.230773445995120710e+03
1.230376505807469812e+03
1.232067151165565974e+03
1.229813890832471543e+03
1.231652382033256799e+03
1.229956756396611809e+03
1.230652475020578095e+03
1.232685986801073568e+03
1.229379916361623373e+03
1.228205184046033537e+03
1.230023016698724177e+03
1.231585609021209166e+03
1.234703875778816609e+03
1.230495159457955651e+03
1.230705376018330526e+03
1.231177727489941390e+03
1.230936843961894283e+03
1.230620995815006836e+03
1.229553272019380302e+03
1.231463779972131761e+03
1.229524330632318652e+03
1.229773604273801084e+03
1.230242544785302925e+03
1.230385481850810493e+03
1.232190702903103784e+03
1.230118320277213797e+03
1.226762929382744915e+03
1.229073712600116551e+03
1.230500307445112867e+03
1.228008747718560699e+03
1.230574553256230956e+03
1.231933074756459746e+03
1.231824331680735213e+03
1.229028375636546343e+03
1.230955977245787608e+03
1.232767134737327979e+03
1.232542812241763158e+03
1.237792047261538301e+03
