2.700332969041795877e+03
2.700219403617953503e+03
2.700385851173638002e+03
2.700695913784106324e+03
2.700518561229313036e+03
2.700350474847536589e+03
2.700492012266877737e+03
2.700560804569073753e+03
2.700393502122412428e+03
2.700578369962369379e+03
2.700459151363699675e+03
2.700063649632475517e+03
2.700770100864902815e+03
2.700131371099258558e+03
2.700461098657418461e+03
2.700308298344547893e+03
2.700538979978000498e+03
2.700228781925739440e+03
2.700656000864147700e+03
2.700478092033204121e+03
2.700377861193170702e+03
2.700408365281693932e+03
2.700287502899583160e+03
2.699911468483424414e+03
2.699820045915736046e+03
2.700636455718407433e+03
2.701197121710697502e+03
2.700326399641359785e+03
2.701198114350528158e+03
2.700042815954780508e+03
2.700393513606328725e+03
2.699708654063717404e+03
2.700058129795954301e+03
2.699801746489672041e+03
2.700124915973062343e+03
2.699632313785888527e+03
2.699516405021786341e+03
2.700964084754137275e+03
2.700293135449348938e+03
2.699515771229583606e+03
2.699683933695308042e+03
2.699634796763772101e+03
2.699081352895323107e+03
2.698771629799156472e+03
2.701496070892982516e+03
2.701602319597986479e+03
2.700088437370282918e+03
2.698700023558415069e+03
2.703764869147113131e+03
2.701584681784707755e+03
2.698446655665193703e+03
