2.700503796065277129e+03
2.700421695447867023e+03
2.700635994567217040e+03
2.700597847566474684e+03
2.700744527508055398e+03
2.700559971082151151e+03
2.700679949900152678e+03
2.700864018288925308e+03
2.700620025030056240e+03
2.700839122320928709e+03
2.700593659652355200e+03
2.700348425383361700e+03
2.701025227423810975e+03
2.700190304782237035e+03
2.700510004476694121e+03
2.700955534517695014e+03
2.700952284877068450e+03
2.700400914631863543e+03
2.700564271054190613e+03
2.700344001028503499e+03
2.701047539305991904e+03
2.700677751040006569e+03
2.700550543819201721e+03
2.700422355947133383e+03
2.700547487046136212e+03
2.700776012368319243e+03
2.700571290597336429e+03
2.700385861898810163e+03
2.701353737579500375e+03
2.700932308835690037e+03
2.700203701979658035e+03
2.699459364624166483e+03
2.700445071039613140e+03
2.699894560810406801e+03
2.700031979208525172e+03
2.700163587403289057e+03
2.699823879768733150e+03
2.703605247444372253e+03
2.700909460282045075e+03
2.700114613317043222e+03
2.699979064170262063e+03
2.700205479238160024e+03
2.701003095443039911e+03
2.698484417848417252e+03
2.704766311365875936e+03
2.701177000972246333e+03
2.697839665714394869e+03
2.699045165188098053e+03
2.705464543677003348e+03
2.701443454608777756e+03
2.699352616603452134e+03
