4.836855369648028535e+00
4.241983881139185897e+00
4.191566757269500343e+00
5.264731900524282082e+00
6.930796657892379642e+00
5.215612942758032666e+00
5.257683720283125695e+00
7.573047634950041740e+00
3.730735893323050334e+00
6.509687247330549376e+00
6.747057697508187957e+00
5.982273250445381052e+00
2.269677068097417649e+00
4.878007842783491199e+00
6.580196640647922202e+00
7.147257522797533902e+00
7.054261608617900414e+00
5.446093882878780157e+00
3.242422265523479119e+00
3.086772124343032608e+00
7.921356853932415287e-01
2.387018531777711949e+00
7.004917510976715889e+00
4.627535807893710995e+00
7.139696589338001331e+00
5.704129300100427180e+00
1.400353755851825088e+00
5.596196230732651600e+00
5.097021023861531219e+00
4.967945321355552224e+00
5.095091566859357712e+00
3.207797114876353994e+00
1.519843900777160028e+00
5.105014144151951427e+00
2.241384673018184781e+00
6.256734809719028512e+00
-1.465715136968389620e+00
2.425814675407313992e+00
-9.437874333798087004e-03
5.666047409328682782e+00
2.830889432512958770e+00
5.579362997043061156e+00
5.017014177919099538e+00
2.216817425038072553e+00
3.339911885371918299e+00
4.740364359557069918e+00
-3.680545567970161969e+00
6.316221166133070497e+00
-1.096974373049859119e+00
6.225531467048925904e-01
9.941698082868491326e+00
7.302850550143928920e+00
5.129736299191311133e+00
8.195871542492362494e+00
9.456263120225258945e+00
7.097889695542058064e+00
5.045034996403123806e+00
5.226734709621450925e+00
8.657597361519211887e+00
6.953705435244303068e+00
-9.467437062457080277e-01
1.033696913600425660e+01
8.887353287264502910e+00
4.413605043380661286e+00
-2.356185272146373411e+00
6.058815733922462421e+00
1.061724204133007454e+01
1.013699990556328245e+01
2.869995367249793539e-01
4.224135036154781808e+00
1.681545674872975571e+00
8.000782839692412551e+00
3.398837873267307241e+00
8.645175681687806701e+00
5.177635735873413303e+00
1.312123339371012598e+01
-2.299714980728305047e+00
1.337158171844325505e+00
6.843491051909571965e+00
1.183609753681980159e+01
9.218829017988374730e+00
3.489303071143240231e+00
5.238860975354392657e+00
9.192418318314564019e+00
8.851262922396569977e+00
1.911731181382005262e+00
8.490063181235534273e+00
8.915779388712943287e+00
3.356493224464356828e+00
-4.853556825254210949e+00
8.621432128455593258e+00
5.221793388596640106e+00
6.585535776496480587e-01
3.243595643033155174e+00
1.145939228043603109e+01
1.134056100916550669e+01
6.699401686593466465e+00
-1.939804782384534354e+00
-5.086623918037750158e+00
5.338141792986382583e+00
-3.337211703266508511e+00
