3.533468577274081213e+01
3.566554799486448957e+01
3.596806178688977695e+01
3.504886212698741588e+01
3.300831702825028202e+01
3.469237953945392405e+01
3.536240139151934869e+01
3.224267267803580239e+01
3.563624795084912478e+01
3.368357646923751503e+01
3.391624351683634586e+01
3.243763926898939332e+01
3.738685449351833512e+01
3.622171333378251035e+01
3.260146836849128960e+01
3.380483592572926455e+01
3.600474999394280218e+01
3.478104081575333595e+01
3.495117125106488487e+01
3.925230771119022677e+01
3.773678239173374038e+01
3.413428528554879904e+01
3.256351187447025097e+01
3.587335939073803814e+01
3.256096808715832935e+01
3.070105751480258149e+01
3.968561100241490891e+01
3.244817921026973551e+01
3.627003481237006355e+01
3.460828212344804911e+01
3.722274816493389693e+01
3.826335430243831581e+01
4.089570364290788973e+01
3.077095164404827443e+01
3.936721693473105432e+01
2.817097443030750270e+01
4.088402058210097323e+01
4.052149166323192730e+01
3.479566449488953594e+01
3.700629479881163775e+01
4.271486414790879849e+01
2.880997565376230440e+01
3.742874730837099406e+01
4.089535879888899927e+01
3.619904046348563043e+01
3.479798093379371693e+01
3.960729319710439711e+01
3.235144410746713817e+01
3.694179957160468319e+01
3.970638347339382079e+01
3.190513057333083324e+01
3.259096829079484081e+01
4.374035289625616230e+01
2.866087830710950968e+01
4.621616680333288940e+01
4.423495206996692986e+01
3.438129557710121276e+01
3.418282077055256707e+01
3.255517773556289995e+01
3.621531829548831638e+01
3.959191739602245974e+01
3.774053083293591726e+01
3.346819186929433698e+01
3.170503479839627303e+01
3.676509085448988401e+01
3.748700033997278780e+01
2.963671267707197288e+01
3.461443361933573470e+01
4.272132938191655427e+01
3.717398025718416932e+01
4.090337529282837892e+01
2.772606489122907547e+01
2.996493333567889294e+01
3.847360462683201376e+01
2.232527722352426025e+01
4.089071916551677788e+01
4.396086200905644858e+01
3.716705409074098299e+01
3.042407401969379777e+01
1.683244152266955851e+01
3.113925082909704756e+01
3.074863951839589760e+01
2.008373907075781162e+01
3.927569409120778232e+01
3.045140259383029502e+01
3.352251745401628114e+01
3.710025880289402522e+01
3.586171809773057362e+01
4.287259741925193168e+01
3.858791707814216210e+01
3.542263158750688490e+01
1.754285177424221587e+01
4.652843547763431076e+01
3.236903167341464638e+01
4.101862378360026185e+01
3.835184064990681918e+01
2.802217956082774108e+01
3.810273206260841761e+01
3.957617196494123135e+01
4.937090581730051753e+01
4.229729329202709920e+01
