5.276160668007577215e+01
4.290652506125515941e+01
3.995351756686962119e+01
5.728606624847771656e+01
8.913031965182318572e+01
5.898690211765003966e+01
5.842442996970642355e+01
1.041487770288856751e+02
3.560277263094614142e+01
8.451792749538304861e+01
8.432590020807040787e+01
7.992917318764973800e+01
1.084094685537853664e+01
4.835541354232098143e+01
8.870690739563438854e+01
8.770073554128866533e+01
8.549530122399545462e+01
6.098945099316556906e+01
3.577236207301790927e+01
9.533989140397993722e+00
-2.024945746072625141e+01
1.893122208427826436e+01
9.063878551083905677e+01
4.165691152752119564e+01
9.598795532816717468e+01
9.023447827432745783e+01
-2.612201114575738714e+01
8.061772777825399316e+01
4.968639812284527579e+01
6.231724037164735819e+01
3.365953422530260752e+01
1.757791586650285609e+01
-1.636393855208974202e+01
8.111133846290063332e+01
-1.466681173894165369e+01
8.674914607236098618e+01
-6.345722419537079162e+01
-8.518149874212856076e+00
-1.602049296975586756e+01
4.377706772355216458e+01
-3.193676326243618746e+01
8.537221029332275180e+01
2.349612868509349539e+01
-2.448911079222338572e+01
2.707664138335575998e+01
4.600505617878142317e+01
-8.516884280957955866e+01
8.044840878601866052e+01
-4.845541763757837117e+01
-2.216928586895775055e+01
1.062177321135038284e+02
9.109337842691209630e+01
2.663099282199193141e+01
1.105442590127953935e+02
5.643772014061166686e+01
2.041105008043368940e+01
5.203026554708365836e+01
7.504261540111193085e+01
1.104198642267197386e+02
8.683537647478456734e+01
-4.722798259012641608e+01
1.168913872731987027e+02
1.060885706814189859e+02
8.110085148110593423e+01
-6.056999917033133585e+01
5.088047485545547488e+01
1.402951354241009483e+02
1.225453694806248706e+02
-4.022394589772147100e+01
3.166689488037360434e+01
-3.518424632385808337e+01
9.976736518392267783e+01
6.988605045392019122e+01
1.027454652536416688e+02
1.315766213936036308e+02
1.395929425528627235e+02
-7.818393363959057751e+01
-3.737434290566463346e+01
1.148924146829917845e+02
1.423475910576026706e+02
1.208109030737587091e+02
8.962463022399948898e+01
1.062150864966712049e+02
8.588588184085327271e+01
1.000251244153888877e+02
9.691494893927931287e+00
9.253318293540948503e+01
8.910306225277528824e+01
5.058046708994721996e+01
-1.012401526638825118e+02
1.036463927134469287e+02
1.029090916089777039e+02
-4.909113563014898318e+01
3.040178046128628964e+01
1.138482996771493276e+02
1.045193156945032200e+02
9.669397761952178882e+01
-3.776276465152797357e+01
-1.093907174998505525e+02
-8.156485841232283462e+01
-9.816597692139042408e+01
