4.421506668009929086e+00
4.826732680409405063e+00
4.431779216528067167e+00
5.776568028932619114e+00
6.343247299679018347e+00
3.287531975642940640e+00
2.176040796487683782e+00
4.293623218878187764e+00
5.917378943840382099e+00
4.233689437822538260e+00
3.741829462084948155e+00
3.648986497904055604e+00
5.458918316228706047e+00
3.433745695189147629e+00
5.054836903284664729e+00
3.241473282468315897e+00
-7.966264559484876884e-01
5.488505955117910950e+00
5.710902893062677066e+00
-5.190047785268228075e-01
7.896998944112401553e+00
1.050932441549237151e+00
3.663937696523761112e+00
4.919699135137018509e+00
1.227070189452202031e+00
7.775423295640119470e+00
4.445189171804718065e+00
-3.601942294606238715e+00
3.429294210032656665e+00
3.696872497483818520e+00
4.199767003702086221e+00
1.148909481002171606e+00
5.394423395113003394e+00
6.519817235482789464e+00
5.727342027150982950e+00
2.587376700528411178e+00
-3.141622721301852383e+00
4.726495084011513192e+00
1.991799942814727054e+00
-1.051965873489076886e+00
-4.175546656656043076e+00
4.690017245312842142e+00
5.226574293877830790e+00
-5.893524216700349427e+00
1.326344446935977928e+01
1.061887153216490098e+01
5.566845846417893817e+00
-5.491922495671146542e+00
-8.154384107259194936e-01
-9.342264546287254445e-01
1.267534616065056019e+00
