3.411631962369870052e+01
3.392369806377882924e+01
3.338102404689995950e+01
3.342294793520022012e+01
3.403020152908091234e+01
3.380559710544270757e+01
3.408522479693622387e+01
3.408852322572897009e+01
3.351519259767795234e+01
3.325245146960953946e+01
3.458885575670612411e+01
3.513892703460151523e+01
3.327180154220425123e+01
3.310239261653142506e+01
3.373468298194391224e+01
3.294162405305289809e+01
3.184947837131953108e+01
3.261883496173626895e+01
3.541605658890637898e+01
3.416819730938597388e+01
3.352527541808117206e+01
3.704777921121597473e+01
3.272700576754539981e+01
3.355213371602672368e+01
3.199136473469144804e+01
3.561038859918106425e+01
3.385991407792209884e+01
3.236242443963241300e+01
3.241126866990057920e+01
3.558289341105887615e+01
3.129514853246454820e+01
3.623716891619915259e+01
2.810608226393447850e+01
3.331500020926161909e+01
3.418114002334291968e+01
3.220618417869564354e+01
3.217609991324753338e+01
4.051966342349235362e+01
3.098867980153558932e+01
2.899115943150954422e+01
4.072351643954624478e+01
3.787583321901925615e+01
3.527337537482101482e+01
3.113400619941588943e+01
3.282179248713483588e+01
2.938981046593743329e+01
3.244428095332533246e+01
3.337244504400224088e+01
4.248210690272594547e+01
2.309615482458486468e+01
3.900847733459116284e+01
