5.467028857662366903e+01
4.482148247072262137e+01
4.192040111343182218e+01
5.926785160785716045e+01
9.101163061388817255e+01
6.089387094799640465e+01
6.036663346097124361e+01
1.059051505863511125e+02
3.747473923253494377e+01
8.634013341536596897e+01
8.624460759063943271e+01
8.160720007182264624e+01
1.271652259170169152e+01
5.042380765837941681e+01
9.044997552759978987e+01
8.974507148005631052e+01
8.757447341893092130e+01
6.298668912716662049e+01
3.739649627937453147e+01
1.184064057917771073e+01
-1.819499491793962775e+01
2.062256394246546876e+01
9.249574671671359738e+01
4.374487148450514695e+01
9.778201877180786994e+01
9.150816095755769197e+01
-2.356759695928870357e+01
8.207366671632651389e+01
5.185437938613037545e+01
6.406215453490570155e+01
3.629692373381848824e+01
1.972710753288469832e+01
-1.402056916759686800e+01
8.236855655347623895e+01
-1.205480561910895076e+01
8.834688214562767428e+01
-6.124929524981991591e+01
-5.953762494777454783e+00
-1.451405680902368367e+01
4.643117385940074371e+01
-2.854831858583648341e+01
8.670043907441397835e+01
2.641796688817266414e+01
-2.158447592221609312e+01
2.905360335219136303e+01
4.816672970777288754e+01
-8.338106107242897735e+01
8.222123363408545060e+01
-4.648087325424659610e+01
-2.012101286008655521e+01
1.090524439634992859e+02
9.316610265117317624e+01
2.941767183130703600e+01
1.126061034970727377e+02
6.070711275048036981e+01
2.437820789042640257e+01
5.406904777391940797e+01
7.660302045559761552e+01
1.125583053178300901e+02
8.884937766869346376e+01
-4.517318029259524792e+01
1.198110911289875276e+02
1.085501197773613740e+02
8.206913482466266885e+01
-5.893028178881760937e+01
5.375392280765409936e+01
1.426116497373594143e+02
1.252960717679747233e+02
-3.775310554321057310e+01
3.395370433414278466e+01
-3.221889706431357325e+01
1.018329276364267599e+02
7.064933378499662808e+01
1.049945432023732934e+02
1.314098128609907974e+02
1.431778041181949561e+02
-7.592094924663112465e+01
-3.458453820434337445e+01
1.159677920975422438e+02
1.450831252709923547e+02
1.231084571271733097e+02
8.988327729494319840e+01
1.067342606644886018e+02
8.906987333949257390e+01
1.023207077342741940e+02
1.135011433903669875e+01
9.486773203433810409e+01
9.207981829012169328e+01
5.200732812722110765e+01
-9.958829145829645313e+01
1.063518894595145809e+02
1.034967308013962963e+02
-4.609244207169621887e+01
3.221968188925310272e+01
1.172653137253030309e+02
1.078418673417407945e+02
9.834173867991142970e+01
-3.641528883507369585e+01
-1.076124376711429562e+02
-7.573980763877223410e+01
-9.586450019470514405e+01
