2.206845314962238829e-03
2.146717697678789984e-03
2.145607141885044842e-03
2.032441430393663265e-03
2.125216888327182297e-03
2.227669738711550527e-03
2.509769832484355992e-03
2.115759172574117799e-03
2.183446356668101215e-03
2.029677004541559533e-03
2.087443462820105181e-03
2.139822756747393907e-03
2.138415634671253333e-03
2.093619089790462514e-03
2.095200941989758519e-03
2.175817028196154208e-03
2.190860451783595113e-03
2.412385410566450158e-03
2.356418070491899958e-03
2.429820950086349074e-03
3.000459355454922032e-03
2.011795604982750778e-03
2.901188593206189322e-03
2.302722363113619136e-03
2.163870705071377614e-03
2.105260702111924013e-03
2.433348043680657723e-03
3.246819723045049361e-03
1.839186340193136714e-03
3.090293457358148348e-03
3.105673196735711690e-03
2.608529368762953389e-03
1.709725279528365996e-03
2.477111311682709746e-03
2.253455993401095453e-03
2.994524027965964324e-03
3.218830996783148424e-03
2.100423971371130367e-03
3.046798324662556689e-03
1.800799775774065926e-03
2.721334025522092418e-03
2.220465813561309926e-03
1.163156289587097617e-03
3.730722205820925091e-03
-6.997202328468268102e-04
2.156208998325509670e-03
1.680262779067898159e-03
2.241067342650033579e-04
5.525507439882176722e-04
9.248324422162404034e-04
3.148392226343780381e-03
