1.825216624259017690e-03
1.840232365811265416e-03
1.758058248192156774e-03
1.813730039461602115e-03
1.736817357727140103e-03
1.801276083892660055e-03
1.730197286548216737e-03
1.750506084062692551e-03
1.751029022735784259e-03
1.913963942312995074e-03
1.740123832235376637e-03
1.856936446169428446e-03
1.967407074387505714e-03
2.109023947121529876e-03
1.906834704801315880e-03
1.712357864942948499e-03
1.806059955886414993e-03
1.538537287221971228e-03
1.634548450145106727e-03
1.654050255555348375e-03
1.623292410576228535e-03
1.684362185778339122e-03
1.716017448089872518e-03
1.821028935450295276e-03
1.946409406747010712e-03
2.327882005095541478e-03
1.816326892307841383e-03
2.022372741656668083e-03
1.584734765753837479e-03
1.975444743683568965e-03
1.711172777514998519e-03
1.844032283936292236e-03
1.623965906214064944e-03
1.749508358023075041e-03
1.514997319286141061e-03
1.026891477299740792e-03
2.050876802937119658e-03
2.619780204345325755e-03
1.299473719311269827e-03
2.026298854377353749e-03
2.403626447478795190e-03
1.606462521589543165e-03
2.381502126038677943e-03
1.077528410633687983e-03
1.452803741853118339e-03
1.441652029164882179e-03
1.628654503767967441e-03
8.158884271294632737e-04
2.244312223223344366e-03
1.010648195315175767e-02
2.246523086142276958e-04
