1.090363450674182721e-01
1.088576323825521941e-01
1.086150177298375319e-01
1.100073844488077962e-01
1.097570846840789788e-01
1.117595182178329483e-01
1.115274981407416849e-01
1.146949447232343960e-01
1.115181664273303397e-01
1.143604763980594630e-01
1.153189256161308990e-01
1.184891420322663619e-01
1.208496024900184151e-01
1.198075422021029485e-01
1.222210039782026664e-01
1.182015227912061178e-01
1.270805228774863627e-01
1.275499001300703095e-01
1.319220993955989296e-01
1.292607119283209760e-01
1.358738839287250977e-01
1.360569466949705097e-01
1.430352081322747992e-01
1.421519446555558897e-01
1.420803501768119204e-01
1.419916542907511681e-01
1.500755952741780197e-01
1.531173020609332414e-01
1.562643240379896492e-01
1.585652462030388288e-01
1.568999608687616509e-01
1.635712137765153174e-01
1.619902425011177094e-01
1.654435598324688061e-01
1.682535639543002726e-01
1.729483155220598589e-01
1.803378898770244820e-01
1.779043464996694079e-01
1.797618255403968524e-01
1.855202732264648879e-01
1.911688961765553585e-01
1.901066227589904289e-01
1.883381114228884767e-01
2.046370281754537890e-01
2.044980790058337217e-01
2.044520561176519369e-01
2.027533155296578626e-01
2.133453971000119354e-01
2.171116343544134686e-01
2.230400233881688621e-01
7.058641278972557220e-01
2.193633511352790222e-01
2.302754719920898363e-01
2.266931609226713884e-01
4.352377373880360056e-01
2.313511483946148750e-01
2.347129934954314823e-01
2.383916089895596890e-01
2.479737757686384103e-01
2.509908079420125615e-01
3.231394663519430166e-01
2.516585199796577133e-01
2.609857487519063324e-01
2.542907854365610842e-01
2.639028173469837313e-01
1.201522417445309632e+00
2.690703096438477049e-01
2.720422103590082741e-01
3.674393385387253463e-01
3.692952780267582114e-01
2.834369393552046978e-01
7.268156680464156194e-01
3.578446427712755340e-01
2.911970216840392145e-01
2.962147177465124792e-01
3.840573114567924495e-01
2.929106593301687433e-01
2.967917266951679012e-01
3.082283055705232755e-01
7.683772464918959821e-01
9.146286266917873498e-01
6.765806445413301562e-01
8.116073425334620062e-01
4.409633718959244941e-01
8.372044137423422239e-01
3.334461837972476639e-01
3.194007451060685288e-01
3.266636060316430168e-01
1.049331284790588015e+00
6.141812598896734254e-01
5.938925708745049770e-01
6.823608860279194444e-01
7.405291293978438771e-01
3.458244408999447961e-01
3.428882036319786386e-01
7.630636406224314827e-01
4.680530146135275515e-01
3.588843515318318467e-01
9.356860166017941793e-01
8.483109978620103631e-01
4.456927563232967460e-01
