-1.898863926806945842e-03
-1.871481310081595092e-03
-1.877706133227623414e-03
-1.967976174765012111e-03
-1.815771866137949435e-03
-2.003484073771442334e-03
-1.898110939895695289e-03
-1.872347681455549442e-03
-1.791072934871104031e-03
-1.805425407370304632e-03
-1.932004438894780298e-03
-1.914993364433356356e-03
-1.814421520084649048e-03
-1.762956626144484770e-03
-2.034358598056465461e-03
-1.729504020130861585e-03
-2.149617362065984767e-03
-1.817532436998532588e-03
-1.909747012708924241e-03
-1.691183417916676708e-03
-1.987363719011941803e-03
-2.112710654627536488e-03
-1.482057570240803961e-03
-1.957720773939038324e-03
-1.892751067516848257e-03
-1.792420280170204392e-03
-1.768520899457462926e-03
-2.126541353425467733e-03
-1.724091410481274917e-03
-1.458370641948612606e-03
-2.000289478257481074e-03
-2.206734944479352492e-03
-2.452395140219852231e-03
-2.116253176103033862e-03
-1.927667225169760971e-03
-2.370477454594971650e-03
-2.398455810439461058e-03
-1.817745457953536588e-03
-2.092840233906204193e-03
-2.283579037672197384e-03
-2.202979333044940459e-03
-1.918161515163508682e-03
-1.808168270849074477e-03
-1.242733738749977630e-03
-1.612093803570654451e-03
-1.997606993304665811e-03
-2.052541362541264545e-03
-2.411240048273430216e-03
-1.612910071784074946e-03
-1.574995584562084976e-03
-4.485321920558527423e-03
-2.009670911716746663e-03
-1.738510819221696741e-03
-2.281299962686823574e-03
-2.584025061771420655e-03
-2.600452691126388816e-03
-1.905546872907444176e-03
-2.177513798537561874e-03
-1.207480604664035347e-03
-2.850116082042382197e-03
-3.285268422155413533e-03
-2.398435183720895678e-03
-2.591943557711241970e-03
-2.105800774604119248e-03
-1.123236337648167568e-03
2.723165038000642177e-03
-1.220335222401988011e-03
-1.945403939355625248e-03
-2.038419232690740889e-03
-1.608266965585650188e-03
-2.516605788478353239e-03
1.588252703653547822e-03
-2.118552767468968260e-03
-1.493061450511130525e-03
-1.768416439982028110e-03
-1.338648041268141039e-03
-1.755254547641812470e-03
-1.892325523737121854e-03
-3.497043391218298668e-03
-1.744915848675542480e-03
-1.765652059437913942e-03
-1.678122864260679073e-03
-2.787946774874711185e-03
-8.574765027994130269e-04
-2.084822608613781398e-03
-1.080835435443102299e-04
-1.075426259120111205e-03
-1.902574373593299934e-03
-1.878209616437527801e-03
-3.312288998946678886e-03
-3.068554920906104658e-03
-2.849925914121254067e-03
-1.977395688152552150e-03
-2.189745362916156214e-03
-1.527211469555883648e-03
-2.262005987913566149e-03
-3.452615883215322951e-03
-2.145440121678481721e-03
-2.662370257658980364e-03
-4.422048645378449071e-03
-3.058603196076851386e-03
