-1.691191631663026447e-04
2.339166917539124674e-05
-4.081308593318515239e-05
1.268892403738250223e-04
-4.974499363512242724e-05
-1.551576241280555580e-04
-3.284829230643301077e-04
-3.939740804060500967e-04
-2.028723376650975888e-04
9.713824249794871391e-05
-5.356992015328439563e-04
1.736461257339172394e-04
-9.569405523814143548e-04
2.718808181866053868e-04
8.388698068887085260e-05
-2.986763675465265778e-04
-2.962947474985436463e-04
-1.422091520840893094e-03
-2.667600788362356630e-04
2.813283737845703129e-04
-2.251482067409030902e-04
-7.280278462692255006e-04
6.170733383252287188e-04
-8.392316383014601514e-04
-1.319100851735692905e-04
8.048601283695893879e-04
-5.149582892653858804e-04
-2.374714003760426424e-03
-7.144779611338408472e-04
5.273401751340974939e-04
1.937109890505837428e-04
-1.051844234277755745e-03
2.041386965736530744e-03
2.270951382659106878e-03
1.401267143756946545e-03
1.286071309373836187e-03
1.242865913646305645e-03
-4.012171249136061747e-03
3.225524599398226378e-03
6.963280184533144485e-03
8.889933566896419384e-04
-3.380293905420689738e-03
-7.161807895892850426e-03
6.671806408230641743e-03
-2.414188579370073510e-04
-1.136723535950488490e-03
-5.955628281478323209e-04
5.986377517127244646e-04
-3.180620214665875242e-03
2.688670527492260584e-03
8.384417987645401138e-03
