-1.672314082370562893e-03
-1.692082653105429898e-03
-1.672137138191772884e-03
-1.704775671247589367e-03
-1.669998535040310246e-03
-1.700146045877907628e-03
-1.941866492512262085e-03
-1.746714126788057823e-03
-1.754608920938556483e-03
-2.001184217284418792e-03
-1.837440864989783873e-03
-1.623497604015705295e-03
-1.697874559247626114e-03
-1.712183444849767417e-03
-1.995644827976148557e-03
-1.906480322741443707e-03
-1.923428262536312815e-03
-1.366942190431836212e-03
-1.657112691512173559e-03
-1.790240533384720957e-03
-1.797180731661540817e-03
-1.376553725114286518e-03
-1.876906543130333043e-03
-1.461827296241291225e-03
-1.785344869278431045e-03
-1.774418985359845630e-03
-1.958859723228768401e-03
-1.598007218691833119e-03
-1.592112084771944366e-03
-1.664628112589347161e-03
-1.921357585752608583e-03
-1.498057525606717125e-03
-1.775047437663552618e-03
-2.008482865558726925e-03
-1.614088072085280738e-03
-1.329217189232085022e-03
-1.408551506075490399e-03
-1.178755011298227164e-04
-1.653442214246431769e-03
-1.026389353761423097e-03
-1.732023001079615850e-03
-2.347966401680614060e-03
-1.867091805367500747e-03
-1.829686754025370860e-03
-1.786686612167063789e-03
-1.814002073387009032e-03
-1.887592732256413710e-03
-3.071047238002870810e-03
-1.912295667789000149e-03
-5.860131075541755337e-03
-1.554716287832677004e-03
