-1.460038229689783343e-03
-1.477781494766665198e-03
-1.444144615280965353e-03
-1.432456276467516552e-03
-1.433880532819103515e-03
-1.390848046117415960e-03
-1.391856722233220621e-03
-1.442846134912065910e-03
-1.387375445237465322e-03
-1.426295909245218780e-03
-1.362607560159110557e-03
-1.370651781718326429e-03
-1.469267777372651939e-03
-1.351879926744195982e-03
-1.469075356957524328e-03
-1.448176551932454188e-03
-1.387433088693995707e-03
-1.506559922331985289e-03
-1.391656080706848552e-03
-1.354458619195863427e-03
-1.423680672574434165e-03
-1.487790253577650533e-03
-1.282307683277581324e-03
-1.603565694823551281e-03
-1.304904563003714355e-03
-1.328126326298289389e-03
-1.337336249632067138e-03
-1.498545534989591472e-03
-1.126768349245620702e-03
-1.221000433998655453e-03
-1.359261205456725914e-03
-1.615087096483280643e-03
-1.320056233359126517e-03
-1.241917120823467701e-03
-1.107792038028716482e-03
-1.357738552913330832e-03
-1.206148437490762787e-03
-1.634074922870556133e-03
-1.485798796788547231e-03
-1.544699707882799325e-03
-1.504206124258724740e-03
-1.353487283599722054e-03
-8.715900273589779253e-04
-1.316699231154950384e-03
-1.251303338328078928e-03
-1.260255997558575080e-03
-1.439678360071907628e-03
-1.157717908505836047e-03
-1.381382034246861649e-03
-5.608570230038646557e-04
-1.270618425644287229e-03
-8.981893989697469719e-04
-9.790062931800934138e-04
-5.917543807458195294e-04
-1.155130145397241645e-03
-1.371867313280107289e-03
-1.466637258719740962e-03
-1.658187548677465210e-03
-1.480523061759514251e-03
-1.580405670133940964e-03
-5.429533946288914040e-04
-1.085183424806603720e-03
-5.026512526987496300e-04
-7.944663918514130452e-04
-1.130940550438801076e-03
-1.489732205875934478e-03
-1.090896890354589154e-03
-1.251318521353039694e-03
-7.121586171212177961e-04
-1.294020897177221513e-03
-1.435964950216353378e-03
-1.310247911967314660e-03
-9.698526969441438866e-04
-1.347360212371305791e-03
-1.207073013791101854e-03
-3.334551054671448193e-03
-1.113889343228197451e-03
-1.352856620956260957e-03
-1.233441500344953021e-03
-8.490719784555053823e-04
-1.479093163388419232e-03
-2.171983683192724775e-04
-1.280669502274711961e-03
-1.721587272396165637e-04
-8.926685298541739899e-04
-7.772052366900793164e-04
-1.141050204969950958e-03
-1.383415411606620351e-03
-4.821214009151664225e-04
-7.959283889826955548e-05
-1.263975407198910305e-03
-8.834128614780579212e-04
-3.625579070060004215e-04
-7.596048632879386260e-04
-1.308136780100520530e-03
-1.319779431264065132e-03
4.448909895951764517e-04
-1.295697916506360339e-03
-1.447463584366171299e-03
-1.491128579701727361e-03
-2.623297484937492634e-03
