1.514565795660018921e+00
1.558577299118041992e+00
1.600400070349375481e+00
1.641328031818072075e+00
1.691751306255658394e+00
1.753630662957827324e+00
1.807996695240338569e+00
1.866978193322817559e+00
2.003837034106254578e+00
2.172336523731549729e+00
2.438155025243759155e+00
2.675546209017435562e+00
3.097899665435155381e+00
3.457909713188807022e+00
4.075861543416976929e+00
4.550670991341273286e+00
4.850046187639236450e+00
5.508538246154785156e+00
6.211973726749420166e+00
6.801345606644948028e+00
7.072435120741526582e+00
7.754343767960865996e+00
8.275988717873891787e+00
8.818913042545318604e+00
9.804984966913858457e+00
9.830696562925973936e+00
1.004068076610565186e+01
1.089345647891362567e+01
1.123498741785685162e+01
1.214901530742645264e+01
1.243931593497594257e+01
1.216617921988169293e+01
1.285177111625671387e+01
1.331965299447377582e+01
1.409780283768971820e+01
1.343192148208618164e+01
1.349312730630238910e+01
1.356016262372334857e+01
1.394814892609914203e+01
1.402641661961873432e+01
1.480202217896779437e+01
1.527585407098134418e+01
1.504077239831288715e+01
1.522976060708363910e+01
1.626728196938832482e+01
1.605551862716674805e+01
1.557712423801422119e+01
1.601577945377515633e+01
1.729266969362894812e+01
1.650429745515187463e+01
1.660523823897043982e+01
