   2.6032763e+03   0.0000000e+00   1.5979109e+03
   0.0000000e+00   2.5984368e+03   1.2245842e+03
   0.0000000e+00   0.0000000e+00   1.0000000e+00
   2.6120016e+03   0.0000000e+00   1.6090334e+03
   0.0000000e+00   2.6049066e+03   1.2211422e+03
   0.0000000e+00   0.0000000e+00   1.0000000e+00
   2.6539276e+03   0.0000000e+00   1.5941410e+03
   0.0000000e+00   2.6453422e+03   1.2227604e+03
   0.0000000e+00   0.0000000e+00   1.0000000e+00
   2.6375795e+03   0.0000000e+00   1.6004727e+03
   0.0000000e+00   2.6294825e+03   1.2182187e+03
   0.0000000e+00   0.0000000e+00   1.0000000e+00
   2.5856790e+03   0.0000000e+00   1.6175895e+03
   0.0000000e+00   2.5758713e+03   1.2120083e+03
   0.0000000e+00   0.0000000e+00   1.0000000e+00
   2.6263571e+03   0.0000000e+00   1.6083899e+03
   0.0000000e+00   2.6191714e+03   1.2320637e+03
   0.0000000e+00   0.0000000e+00   1.0000000e+00
   2.6228608e+03   0.0000000e+00   1.6079660e+03
   0.0000000e+00   2.6159306e+03   1.2234337e+03
   0.0000000e+00   0.0000000e+00   1.0000000e+00
   2.6259268e+03   0.0000000e+00   1.6198272e+03
   0.0000000e+00   2.6183723e+03   1.2224337e+03
   0.0000000e+00   0.0000000e+00   1.0000000e+00
   2.6501909e+03   0.0000000e+00   1.6058259e+03
   0.0000000e+00   2.6429767e+03   1.2375293e+03
   0.0000000e+00   0.0000000e+00   1.0000000e+00
   2.6275928e+03   0.0000000e+00   1.5974479e+03
   0.0000000e+00   2.6216456e+03   1.2199057e+03
   0.0000000e+00   0.0000000e+00   1.0000000e+00
