   2.6084353e+03   0.0000000e+00   1.6029596e+03
   0.0000000e+00   2.6025768e+03   1.2229275e+03
   0.0000000e+00   0.0000000e+00   1.0000000e+00
   2.6209465e+03   0.0000000e+00   1.6147500e+03
   0.0000000e+00   2.6129017e+03   1.2125997e+03
   0.0000000e+00   0.0000000e+00   1.0000000e+00
   2.6578461e+03   0.0000000e+00   1.6011366e+03
   0.0000000e+00   2.6489637e+03   1.2178509e+03
   0.0000000e+00   0.0000000e+00   1.0000000e+00
   2.6409836e+03   0.0000000e+00   1.6097559e+03
   0.0000000e+00   2.6317440e+03   1.2113839e+03
   0.0000000e+00   0.0000000e+00   1.0000000e+00
   2.5937782e+03   0.0000000e+00   1.6168496e+03
   0.0000000e+00   2.5835282e+03   1.2055844e+03
   0.0000000e+00   0.0000000e+00   1.0000000e+00
   2.6221587e+03   0.0000000e+00   1.6126619e+03
   0.0000000e+00   2.6140606e+03   1.2266241e+03
   0.0000000e+00   0.0000000e+00   1.0000000e+00
   2.6264372e+03   0.0000000e+00   1.6127257e+03
   0.0000000e+00   2.6189826e+03   1.2251264e+03
   0.0000000e+00   0.0000000e+00   1.0000000e+00
   2.6222607e+03   0.0000000e+00   1.6186332e+03
   0.0000000e+00   2.6144990e+03   1.2233850e+03
   0.0000000e+00   0.0000000e+00   1.0000000e+00
   2.6573223e+03   0.0000000e+00   1.6179871e+03
   0.0000000e+00   2.6493567e+03   1.2350526e+03
   0.0000000e+00   0.0000000e+00   1.0000000e+00
   2.6346055e+03   0.0000000e+00   1.5950894e+03
   0.0000000e+00   2.6280031e+03   1.2142408e+03
   0.0000000e+00   0.0000000e+00   1.0000000e+00
