   2.6088888e+03   0.0000000e+00   1.6041187e+03
   0.0000000e+00   2.6030792e+03   1.2243550e+03
   0.0000000e+00   0.0000000e+00   1.0000000e+00
   2.6135329e+03   0.0000000e+00   1.6067176e+03
   0.0000000e+00   2.6058235e+03   1.2216119e+03
   0.0000000e+00   0.0000000e+00   1.0000000e+00
   2.6563006e+03   0.0000000e+00   1.6044013e+03
   0.0000000e+00   2.6473678e+03   1.2301487e+03
   0.0000000e+00   0.0000000e+00   1.0000000e+00
   2.6445353e+03   0.0000000e+00   1.6083271e+03
   0.0000000e+00   2.6350368e+03   1.2184417e+03
   0.0000000e+00   0.0000000e+00   1.0000000e+00
   2.5941075e+03   0.0000000e+00   1.6137114e+03
   0.0000000e+00   2.5842222e+03   1.2128188e+03
   0.0000000e+00   0.0000000e+00   1.0000000e+00
   2.6196098e+03   0.0000000e+00   1.6074405e+03
   0.0000000e+00   2.6115611e+03   1.2228945e+03
   0.0000000e+00   0.0000000e+00   1.0000000e+00
   2.6263239e+03   0.0000000e+00   1.6077447e+03
   0.0000000e+00   2.6187663e+03   1.2234196e+03
   0.0000000e+00   0.0000000e+00   1.0000000e+00
   2.6168270e+03   0.0000000e+00   1.6146052e+03
   0.0000000e+00   2.6092898e+03   1.2132878e+03
   0.0000000e+00   0.0000000e+00   1.0000000e+00
   2.6602825e+03   0.0000000e+00   1.6102530e+03
   0.0000000e+00   2.6521240e+03   1.2266787e+03
   0.0000000e+00   0.0000000e+00   1.0000000e+00
   2.6343691e+03   0.0000000e+00   1.5948284e+03
   0.0000000e+00   2.6277647e+03   1.2134741e+03
   0.0000000e+00   0.0000000e+00   1.0000000e+00
