   2.6049207e+03   0.0000000e+00   1.6005735e+03
   0.0000000e+00   2.6000542e+03   1.2250798e+03
   0.0000000e+00   0.0000000e+00   1.0000000e+00
   2.6089758e+03   0.0000000e+00   1.6044270e+03
   0.0000000e+00   2.6020058e+03   1.2240961e+03
   0.0000000e+00   0.0000000e+00   1.0000000e+00
   2.6542940e+03   0.0000000e+00   1.6022635e+03
   0.0000000e+00   2.6456100e+03   1.2312374e+03
   0.0000000e+00   0.0000000e+00   1.0000000e+00
   2.6387817e+03   0.0000000e+00   1.6046156e+03
   0.0000000e+00   2.6306719e+03   1.2203205e+03
   0.0000000e+00   0.0000000e+00   1.0000000e+00
   2.5854361e+03   0.0000000e+00   1.6133515e+03
   0.0000000e+00   2.5758540e+03   1.2142568e+03
   0.0000000e+00   0.0000000e+00   1.0000000e+00
   2.6224004e+03   0.0000000e+00   1.6058117e+03
   0.0000000e+00   2.6151931e+03   1.2231587e+03
   0.0000000e+00   0.0000000e+00   1.0000000e+00
   2.6228069e+03   0.0000000e+00   1.6072163e+03
   0.0000000e+00   2.6158667e+03   1.2229506e+03
   0.0000000e+00   0.0000000e+00   1.0000000e+00
   2.6209815e+03   0.0000000e+00   1.6148731e+03
   0.0000000e+00   2.6137071e+03   1.2122138e+03
   0.0000000e+00   0.0000000e+00   1.0000000e+00
   2.6527303e+03   0.0000000e+00   1.6062675e+03
   0.0000000e+00   2.6452423e+03   1.2279055e+03
   0.0000000e+00   0.0000000e+00   1.0000000e+00
   2.6267148e+03   0.0000000e+00   1.5948552e+03
   0.0000000e+00   2.6207455e+03   1.2153448e+03
   0.0000000e+00   0.0000000e+00   1.0000000e+00
