1.608562040650922427e+03
1.610302858591783206e+03
1.608256762784284547e+03
1.608212703727690268e+03
1.610414895536319591e+03
1.603840007802501759e+03
1.609715539885032968e+03
1.599747526494298654e+03
1.603423189115649166e+03
1.590843111565271556e+03
1.609322755000415100e+03
1.617141246154016244e+03
1.610073737195142712e+03
1.618534422363565454e+03
1.609734509823877488e+03
1.615700623236976526e+03
1.597329254979502821e+03
1.595633874682367150e+03
1.611890098126669955e+03
1.592109674474263784e+03
1.587754912044845469e+03
1.621098516318609654e+03
1.605286649618548154e+03
1.617032222355368276e+03
1.601621428443584591e+03
1.616582548740284892e+03
1.607217921836655705e+03
1.608291427601247278e+03
1.591388168210933600e+03
1.609202880873014465e+03
1.658760848260013290e+03
1.606051798948630221e+03
1.618478178564775590e+03
1.643593433547775930e+03
1.638128713807299846e+03
1.638212785262573789e+03
1.604622290407967967e+03
1.603724475120662646e+03
1.626725459996202972e+03
1.584754367822934682e+03
1.614216104655927666e+03
1.662877318412644854e+03
1.598802037179441413e+03
1.679680507178339440e+03
1.600159548099511767e+03
1.613346175336421084e+03
1.613036675315973753e+03
1.649328867715219985e+03
1.593078967657799012e+03
1.632661623892437319e+03
1.607399286529436267e+03
1.595049966272527172e+03
1.583916653894151750e+03
1.620619389609233167e+03
1.672136234297162218e+03
1.623547891158160382e+03
1.609844500549339273e+03
1.641199405782103213e+03
1.614990902103526878e+03
1.636090638728547447e+03
1.618238539424240571e+03
1.665485837678945700e+03
1.645143142223387258e+03
1.636025755157711728e+03
1.606700983098804500e+03
1.702988127741682774e+03
1.591545012275282716e+03
1.685401497965502813e+03
1.642048821578883008e+03
1.638810124763678004e+03
1.654014693648203092e+03
1.571229774807808781e+03
1.675311609907013008e+03
1.671585205726064032e+03
1.596361634471458046e+03
1.637878660612366275e+03
1.618260434538190793e+03
1.620580964972970605e+03
1.562813797728372947e+03
1.610919646817364537e+03
1.687803768547213622e+03
1.580177842974020223e+03
1.622193024243523269e+03
1.663735301824628777e+03
1.522576435441914327e+03
1.637814540046291086e+03
1.585563512669178181e+03
1.547604124563464438e+03
1.595713646503984364e+03
1.626097122844770865e+03
1.618548597784052390e+03
1.640580443642786804e+03
1.612904173345041045e+03
1.619487878795042434e+03
1.794633213692387926e+03
1.608845760198918242e+03
1.541396241336533876e+03
1.599810095635848029e+03
1.541101075079933707e+03
1.656633690264774486e+03
1.655014203858981318e+03
