1.236132487562850656e+03
1.236289612124844098e+03
1.235866066461895571e+03
1.239517501835493704e+03
1.236660859399157516e+03
1.241019416556806391e+03
1.239447292882668989e+03
1.238631610043588807e+03
1.236992647537620542e+03
1.245301722748618204e+03
1.240698914749415962e+03
1.243114677179695263e+03
1.240920537063670054e+03
1.239156448633750188e+03
1.248412329355237716e+03
1.243490709172456718e+03
1.235187111926166153e+03
1.249099481039843795e+03
1.234217474252655165e+03
1.240002639912013365e+03
1.242102273808868858e+03
1.242340761725799894e+03
1.238337487280947016e+03
1.250098861793361721e+03
1.226459185963135042e+03
1.239300071613029331e+03
1.230310622341131420e+03
1.251547046109799339e+03
1.258975359831013975e+03
1.233075733859046750e+03
1.218132749878836876e+03
1.240963404494183351e+03
1.239342975557979116e+03
1.157488545183311771e+03
1.256127902646082475e+03
1.212391467251486574e+03
1.240974018602361866e+03
1.236354381193641757e+03
1.268337631290597074e+03
1.260385236439482242e+03
1.262086083843389360e+03
1.191087191227651374e+03
1.226393035404007605e+03
1.220007400731783946e+03
1.240775528851293757e+03
1.232402081365955837e+03
1.263327653048558886e+03
1.276639576231315914e+03
1.263135439046418242e+03
1.238329939672851651e+03
1.209660871318119007e+03
1.248562472833058109e+03
1.245004822486134572e+03
1.223671565263366801e+03
1.191573534151058539e+03
1.249157576789582208e+03
1.257374269780645363e+03
1.206485987972173234e+03
1.240174418475484345e+03
1.297020965009998463e+03
1.265467334539516742e+03
1.256655524480399208e+03
1.173669412331193598e+03
1.253765756096638597e+03
1.213003857248116674e+03
1.193085558204672907e+03
1.263059505331240189e+03
1.197751432498763506e+03
1.265179338621002444e+03
1.196911387243845411e+03
1.194315773675904666e+03
1.191639504359240391e+03
1.254123919858822546e+03
1.211845282229072836e+03
1.241517338820268606e+03
1.256216586783347566e+03
1.237091811260063878e+03
1.223374519611574215e+03
1.187662294486457313e+03
1.218743497584341867e+03
1.169866809273588387e+03
1.278289425543631296e+03
1.205022840565012757e+03
1.217372575531462871e+03
1.100382053014292524e+03
1.106785943469313906e+03
1.252184186359323803e+03
1.240970138315167105e+03
1.243584944923591138e+03
1.289845746544815256e+03
1.202019647930261954e+03
1.164087245615964548e+03
1.190158360544746301e+03
1.285967045420681416e+03
1.215186618217105433e+03
1.306397000045865752e+03
1.265035191013764006e+03
1.267674461388827240e+03
1.308466344776741607e+03
1.268283861326949364e+03
1.259688719224413035e+03
