2.668127166768384086e+03
2.668100052072560175e+03
2.668070016342720464e+03
2.668090800116975061e+03
2.667997936771345849e+03
2.668176718025798436e+03
2.668028230624843673e+03
2.668280962332745275e+03
2.668268087044377808e+03
2.668272171701704792e+03
2.667801669649207724e+03
2.667930644508144269e+03
2.667888207222759775e+03
2.667815457857805541e+03
2.668054333881140337e+03
2.667908716450614520e+03
2.668279192311939369e+03
2.668102366540640560e+03
2.667574650120238857e+03
2.668222956257459828e+03
2.668238879899861331e+03
2.667553426131105880e+03
2.667846075911471416e+03
2.668309903283384756e+03
2.668005274903141071e+03
2.668119525829363283e+03
2.667739802118359876e+03
2.668545756810289731e+03
2.668463853734807344e+03
2.667927719602517755e+03
2.667665073049028251e+03
2.668448621226069463e+03
2.667442733108830907e+03
2.669062263460914437e+03
2.667247857865952938e+03
2.667733196596881498e+03
2.667866659056999652e+03
2.668305841766523372e+03
2.667849083325130778e+03
2.668842698742339053e+03
2.668562403864477346e+03
2.668218487760083462e+03
2.668066549465434946e+03
2.667853613841293736e+03
2.668630323786862391e+03
2.667712918251244901e+03
2.668571558145100425e+03
2.668155084229363638e+03
2.667966245953296038e+03
2.666904849789989839e+03
2.668300524644191228e+03
2.667927627080547609e+03
2.668714350659306547e+03
2.668233904412366883e+03
2.668520916811187362e+03
2.667524371764533043e+03
2.667891821193812120e+03
2.666539642647599067e+03
2.667700645633110526e+03
2.668875161718603977e+03
2.667540456624300532e+03
2.668160056385843745e+03
2.667868559983346131e+03
2.667461049096877105e+03
2.666803172487024767e+03
2.669681590153900288e+03
2.668960776464969058e+03
2.668370238565429190e+03
2.668599519078435605e+03
2.668003523167092681e+03
2.667332252661295115e+03
2.673123847499505246e+03
2.667383502641904215e+03
2.666571016898628386e+03
2.669014189520765285e+03
2.667707883194644637e+03
2.667171349913460745e+03
2.669785066954640115e+03
2.670969541632078290e+03
2.667071649784350484e+03
2.669033526401402014e+03
2.668276973144536896e+03
2.668107913979799378e+03
2.667133710571371012e+03
2.671951848841933497e+03
2.669969663769793897e+03
2.668287191058086137e+03
2.669392255727741031e+03
2.668632989240796178e+03
2.669601021734860751e+03
2.667096624333063573e+03
2.667231574848767195e+03
2.663824178231949190e+03
2.668190310931421664e+03
2.671702269992309994e+03
2.668429729440557821e+03
2.673193515302718879e+03
2.667089590657396457e+03
2.668743387912746130e+03
2.666815900549914659e+03
2.666372629833752853e+03
