2.668076037571172947e+03
2.668074239387728539e+03
2.667928512577092988e+03
2.668051129186271737e+03
2.667930698525725802e+03
2.667991638348701144e+03
2.667929109353900458e+03
2.668021297656440765e+03
2.668083914331529741e+03
2.668035092496023935e+03
2.667865917307735344e+03
2.668073265471802188e+03
2.667876156680752047e+03
2.667675933666003857e+03
2.668173895255884872e+03
2.668382525756648192e+03
2.668124591851835703e+03
2.668180760424729669e+03
2.667653812135868066e+03
2.668525903617188760e+03
2.668050686645499809e+03
2.667725540429840748e+03
2.667874756711773443e+03
2.668618998624686810e+03
2.668321127164475001e+03
2.668110891346716471e+03
2.667965212564970443e+03
2.668293209514750743e+03
2.667842571819595832e+03
2.668170586363482926e+03
2.667915856863211502e+03
2.668823102198902234e+03
2.667818470211953354e+03
2.665911572021940174e+03
2.667335719580145451e+03
2.668470139690236010e+03
2.667112904936395807e+03
2.668171885992055650e+03
2.668134460431378557e+03
2.668752934859561719e+03
2.668235822934730550e+03
2.668082180134057580e+03
2.667874859250639020e+03
2.667409116637597435e+03
2.668957221929874322e+03
2.667690235763175224e+03
2.668022059465957227e+03
2.667929567003499415e+03
2.668410362821216040e+03
2.666516436538052403e+03
2.668494556015293711e+03
2.668870205884527877e+03
2.668910793404138985e+03
2.667560694415490616e+03
2.669263401455733401e+03
2.667786042620886292e+03
2.668081125055712619e+03
2.667075681254347728e+03
2.667553966405661413e+03
2.669992259102912612e+03
2.666409619913916686e+03
2.666884616806632039e+03
2.668342613800998151e+03
2.667828406965785234e+03
2.669003160175643643e+03
2.669305792551527702e+03
2.669677308902295408e+03
2.668514144783811389e+03
2.669939257856634413e+03
2.669005271316257222e+03
2.668124200968145033e+03
2.676166850644331134e+03
2.667173029138654783e+03
2.667001269553519705e+03
2.668155288885176105e+03
2.668216684349218667e+03
2.668559393720040589e+03
2.669346842832840139e+03
2.668893292693317562e+03
2.668237158369980079e+03
2.669508745694280606e+03
2.670628709124426223e+03
2.668573428632987543e+03
2.668765123347583085e+03
2.679297195147585171e+03
2.672476270604519414e+03
2.668899667174488513e+03
2.669538105162780539e+03
2.668503894375164236e+03
2.670093345556619624e+03
2.667261760642947593e+03
2.666949390438435330e+03
2.673461747739681869e+03
2.669280892397382104e+03
2.673326128029616484e+03
2.669269242853096785e+03
2.667306361383876265e+03
2.667186052522670707e+03
2.669653908467039400e+03
2.668131179202880048e+03
2.666135586002582841e+03
