-4.255795852975863963e-02
-6.570285446240572633e-03
-7.706484415576025926e-02
8.098357759966301472e-02
-2.245357163811680490e+00
4.846377591773056576e-03
-1.085716353429575344e-03
2.867812971762136343e+00
-1.528681565923095675e+00
1.423647573462384908e-01
1.720602417303957798e+00
8.005346875542598273e-01
-3.686847347034385991e-01
3.631296875254826362e-01
9.812881808618162394e-02
-4.130899492554119257e-01
-3.997919886053131311e+00
7.944644656751900236e-01
-1.840081289560617783e-01
9.590759714672787428e-01
-4.492886952519348220e-02
-1.290692541168502183e+00
2.818647047253909632e-02
3.427044416997052090e-01
-2.037162747706371402e-01
-1.175544558255165795e+00
4.778948251800953173e+00
5.173806163826278892e-01
1.067759316731119679e+00
4.565956942444636575e-03
9.932544099085397621e-03
8.759459265049037713e-01
4.824171865155624794e-01
-5.213746614025329545e-02
4.537441662046959756e+00
6.501583421826223841e+00
2.031155199204250951e-03
-6.536727545815858298e-02
1.140075108814908866e-01
7.895093498103785690e-01
-3.562218863290256277e+00
-4.148682132845071813e-01
1.344296819283000849e-02
-2.553359875094745809e-02
7.776461968788971925e-04
-1.105536331481366652e+00
-1.462813586985129088e+00
3.399801471117432083e-02
-3.540581891746136911e+00
-4.262021527091960360e-01
-1.169853514752092316e+00
3.322506792343125515e+00
-5.427733360996146728e-03
-1.341055864822264434e-03
5.220687945570993804e+00
9.114775797251501999e+00
-1.226631461757735853e+00
6.623772709320872920e+00
-9.819482825091613992e-03
-1.420911588159481598e+00
2.302260908614279025e-02
-1.570844026828187578e-01
-2.897378580282382377e+00
-1.204111979516689010e-04
6.813409033660262626e-01
4.929183742096940435e+00
7.801927685955170055e-01
-3.515618581560486233e-01
-1.123089448328004475e-01
-2.078721237019550916e+00
-3.005533081539956353e+00
-7.826150420995202361e-02
-1.398833442971109342e+00
-1.713804007027011522e+00
2.095243669578464828e-03
5.355561453810856083e-03
1.180152107819133246e-02
2.429578153390713272e-02
8.012503978737565979e-02
-2.538448353850799796e-03
-3.382597382132852132e-02
4.978610844528617158e-02
3.642711904642322181e-04
-2.440242875452871673e-03
2.254924278518744440e+00
4.372842816703788049e-01
-1.768744692556506681e+00
-1.739796899124838175e-02
-5.360094242118032537e-02
-8.810493493769913642e-02
-1.405070132591247981e-02
-1.031282358429585989e-04
-2.818044521931721558e-02
3.589630013217123050e+00
6.396698181459824217e-02
-1.548237831007943655e+00
2.737499844274552188e-02
-4.828451107723698765e-04
4.880874706057737100e+00
2.640994906865055669e-01
-2.814731264051287818e-01
