4.819778954726994691e+00
5.121070704911749871e+00
1.689175858713640821e+01
6.976281454146119110e+00
1.956258748623247667e+00
8.089353263791778659e+00
2.994135832901266558e-02
1.956397924920243270e+01
-1.446043726263097184e+00
9.857448842033884162e+00
2.181814933227194331e+01
-8.910764325058227797e+00
4.013122708918296588e+00
-2.504355758447301739e+00
-1.168491872517467556e+00
-3.742334508547214611e+00
8.492007441203965001e+00
2.442953590171711653e+01
-5.961346350527712445e+00
1.750564418158906932e+01
2.082132256493768541e+00
-3.805076984740814350e+00
-2.546739981225832825e-02
2.733096292254517667e-01
-4.758468560159613503e+00
-1.401744468921800157e+00
3.684015028114784229e+01
2.259413360204749921e+01
3.338167616222165179e+01
-8.405490138352640639e-02
4.947584472146398404e+00
-2.029893756690963613e+01
1.357427414026767920e+00
-6.856027058926282558e-02
4.157227393296589923e+01
-2.475902411108548762e+01
3.644667778129272173e-02
2.885614621435298455e-01
-2.182951533886290818e+00
4.974663807193317666e+01
1.409391465954120681e+00
3.167153096979957727e+00
-6.263655916520607936e-02
3.554635266841035118e-02
-3.830431091166359298e-02
-1.925240262812321301e+00
-2.654645457722565993e+00
3.109802476060754550e-01
6.466347280258309738e+00
6.480875761317122397e+01
-1.247540436337772363e+01
-3.358754312347255411e+00
-3.353596960092427581e-01
5.951818350195756287e-03
1.194993534871709251e+01
4.824017383421053040e+01
3.516389892421362617e+01
1.167965828407337483e+02
1.613407863736872686e-02
-1.168821973708902284e+01
3.084101806377567145e-01
-1.776532623130915756e+00
-1.087480780834177807e+01
7.399383815439317461e-03
7.559721465376614269e+00
5.298504422628805344e+01
1.246713063330804871e+01
-3.864934507379474304e+00
-3.096835577509683413e-01
8.293994042111093279e+01
6.342209332712365644e+00
1.838747889074504593e+00
-1.239550667479797852e+01
-7.087464860674857370e+00
6.778034172664765267e-01
-6.899053667804594218e-03
1.068551969909502242e-01
1.675973480792148085e-01
6.072218088264595970e-01
-2.053843652603185368e-02
1.781897787573789860e-01
6.954674024881190020e-01
-4.861722554725077250e-02
3.038329335641994783e-02
6.157170467917929102e+01
5.277626150212142875e+00
1.108333308805794459e+01
1.469256778298732857e-01
-1.387796042001869790e+00
7.373977830124278654e-01
-1.861203599833809175e-02
-9.652849194601388627e-02
-5.967244500234530902e-03
6.711242995580583681e+01
2.473890526314977301e+00
-1.350811220585920402e+01
2.468913661256828262e-01
-4.668022198435561355e-03
1.596780996291516885e+01
6.042873159646161341e+00
-3.663545596647533320e-01
