-4.121489359309304490e+00
-3.928356510138615754e+00
-1.208272475263242107e+01
-3.728767574593789380e+00
-1.301523855766778404e+01
-5.062841314287730654e+00
9.861302755237277839e-02
5.469570782002691089e+00
-1.020724924159489255e+01
-3.371123136374563956e+00
1.013879841624457612e+01
9.165604110927734638e+00
2.319720323539145568e+01
1.813501600742500131e+01
1.394519445508845834e+01
1.561289865235444552e+01
-2.450429260412607846e+01
1.139754396958377747e+01
9.371927330688324176e+00
1.644668779028179273e+01
-4.009126794710559771e+00
-7.305591790967896237e+00
-1.622279729389570990e+00
5.856659906345361932e+00
2.363418425152308444e+01
-1.872903148337766766e+01
4.326165288157899624e+01
9.035387311545912681e+00
7.406397320336965073e+00
-1.154745844623369377e+00
-3.726499502273939335e+00
1.716823420081066587e+01
2.725648299306026701e+01
1.239014996708787120e+00
6.807235755785538345e+01
5.023537538512344014e+01
-7.735257867065793436e-01
1.016478602775928231e+01
-5.430142400755475052e+00
7.168525829380844527e+01
-2.889850964118332310e+00
-8.900389269646939994e+00
-2.613741623485735577e+00
2.578508864750726381e+00
-1.120407448654954008e+00
-1.675491951650548828e+01
-1.355411508880819227e+01
-1.505089762894249450e-01
-2.097575778234708110e+01
3.309237128787459881e+01
3.672806042184270581e+01
-1.204605454791430885e+00
-5.828980756636566340e+00
-9.713231146903801572e-02
-3.160815324899253298e+01
-5.230542335365453965e+01
5.308171630311115941e+00
2.401678426969277211e+02
9.718463111392505738e-01
2.463466500670920567e+01
3.926953159874808641e+00
-2.521883748747968212e+01
9.923893025348253616e+01
-1.589108329078182114e-01
-1.652302696051212649e+01
1.420020663084593764e+02
-2.305691481879964400e+01
1.965586594027644196e+01
5.370203007736030543e+00
5.292947451113131763e+01
-2.370670515651955412e+01
2.265089296933307139e+01
2.399018637113985619e+01
2.326553084378161174e+01
4.106741289309081111e+00
-1.193260388173332132e+00
-5.232046448825156126e-01
-1.279145148807886212e+00
2.183572892906937568e-01
3.305511678230148576e-01
4.301956960830704446e+00
2.770393697830050961e+00
-1.320519229030769015e+00
5.011265296945697223e-01
1.461177182863406756e+02
9.088779029997500203e+00
-7.324794505932398181e+01
4.362498181125518570e+00
-2.293605935656843897e+01
2.382633528833193992e+01
8.700622421944390616e-01
-1.096945223607509234e+00
5.165770595927065001e-01
4.930688267008636672e+01
2.217539288517807350e+01
4.051178463100335847e+01
3.004769993215715695e-01
2.758195787298803325e-01
-1.035984266273626631e+01
3.468304013893042281e+01
3.626471480413111692e+01
