-4.077750556186447717e-02
-4.668906891373070418e-03
-7.584056189132562520e-02
8.265944357705080903e-02
-2.243085747845119382e+00
6.357154325158469871e-03
4.078667949737767502e-04
2.867970497834591903e+00
-1.526013013482074410e+00
1.436209559214642328e-01
1.721174512708492754e+00
8.026271604340015076e-01
-3.675283211349019141e-01
3.646322655371552757e-01
9.993630498515776450e-02
-4.122270860995971287e-01
-3.995363825002304470e+00
7.945127881249252066e-01
-1.828485204098415917e-01
9.594391531717295640e-01
-4.344921888381949454e-02
-1.288452633920601942e+00
3.045219297357454336e-02
3.448014202137189566e-01
-2.027618247281955943e-01
-1.171034492372445168e+00
4.776248963723213947e+00
5.186967494891797648e-01
1.065982593920708821e+00
7.248086893386543501e-03
1.137466199308477012e-02
8.782743827722907515e-01
4.836035539540625150e-01
-4.605332851967287866e-02
4.531462837873256433e+00
6.503437265984592486e+00
4.470718789819483514e-03
-6.341411684544594196e-02
1.173365337801130642e-01
7.879659715315823210e-01
-3.561653840510305979e+00
-4.128165935470999304e-01
1.523999138827472968e-02
-2.368641758085017132e-02
1.483605295443521680e-03
-1.102012759879374970e+00
-1.460553657925359738e+00
3.853951264399509136e-02
-3.538925948117155329e+00
-4.285291821182621308e-01
-1.170824035061140966e+00
3.323195688234396705e+00
-4.642308287168752691e-03
1.812754375124578073e-03
5.225112225110238207e+00
9.110798795653751725e+00
-1.225353952417125525e+00
6.604618737420595131e+00
-6.803321996562129888e-03
-1.422623552187495921e+00
1.794606561871657166e-02
-1.531629026405250671e-01
-2.899637743294876557e+00
1.104143432957083518e-03
6.857254146457523181e-01
4.913748757755745267e+00
7.857130686696113253e-01
-3.520166095900021386e-01
-1.099886539406298713e-01
-2.082070335502823166e+00
-3.003190191472387305e+00
-7.611247917127528240e-02
-1.398408653197151352e+00
-1.712053224392146689e+00
4.893862842216247823e-03
9.051598210679212900e-03
1.651974542436251969e-02
2.655479222541769213e-02
8.730831267783280281e-02
2.017342301423243501e-04
-3.286284893125883400e-02
5.678668696501951163e-02
2.265656538413107074e-03
-2.588644465740828904e-03
2.272507303848652516e+00
4.405358560230805964e-01
-1.762113221739984636e+00
-1.897415835056897801e-02
-5.116712270977000904e-02
-8.981756225664223880e-02
-1.067545719761482659e-02
7.964049112194553732e-04
-2.175789443418087513e-02
3.582880962173438988e+00
6.353268352176009992e-02
-1.551071180078780642e+00
3.338281554563870407e-02
-4.897396122210920678e-04
4.858763624921808244e+00
2.623421369417271443e-01
-2.856070243888791937e-01
