4.792135969642496995e+00
5.092818731916854524e+00
1.687577256754124733e+01
6.951103795625035886e+00
1.917748372137936475e+00
8.065410121173922420e+00
1.288200893580837558e-03
1.956555966550109460e+01
-1.489506567471927445e+00
9.837128325726785860e+00
2.181639010334334117e+01
-8.948220732479747141e+00
3.995438436011616634e+00
-2.529892089140963751e+00
-1.195230667587141360e+00
-3.764412138868542090e+00
8.451468301130875105e+00
2.443643347606645477e+01
-5.988747815400651930e+00
1.750160028560246417e+01
2.051202431757464861e+00
-3.845717049307044277e+00
-6.094206685125817813e-02
2.390630116261706906e-01
-4.778307414439469269e+00
-1.460150927089866935e+00
3.688656507366146542e+01
2.259377071179429208e+01
3.340195280659743560e+01
-1.215909689731202309e-01
4.925255204117327423e+00
-2.034551424990868540e+01
1.341115737492021731e+00
-1.265416127680421277e-01
4.165803043060629562e+01
-2.479642754684553907e+01
3.319320045333308891e-03
2.608637773304176011e-01
-2.228438956877722532e+00
4.978918502072119878e+01
1.387851606718959463e+00
3.136544959302828062e+00
-9.880853144614522299e-02
4.714427781535622010e-03
-6.277222720502791120e-02
-1.978693358395182234e+00
-2.699379502935430164e+00
2.570922298721952104e-01
6.433206882394628678e+00
6.486715389547173061e+01
-1.248307053940936839e+01
-3.387489008257857925e+00
-3.632961237989424941e-01
-3.293565728285787614e-02
1.189908443111458602e+01
4.829050735026167018e+01
3.515725617650563350e+01
1.170561566582862980e+02
-2.274926345450413792e-02
-1.169365691052614231e+01
3.317735134372301053e-01
-1.834192638348475457e+00
-1.084963433026482171e+01
-2.064934823058021604e-02
7.499371793637303441e+00
5.315599119680254603e+01
1.240518416343262409e+01
-3.872210557576056367e+00
-3.513937623329294602e-01
8.301347313021770447e+01
6.301664277049955132e+00
1.820150409170130601e+00
-1.241384805001669278e+01
-7.116932815666963563e+00
6.375208538245112910e-01
-4.863953415836437533e-02
5.471993022270169038e-02
1.254643698706504606e-01
5.192598356380858649e-01
-5.474612834679488255e-02
1.467510778210625866e-01
6.038511899156265850e-01
-7.418437083013024180e-02
7.585566137150424881e-03
6.144108760619107557e+01
5.236210772466805885e+00
1.099979075701667952e+01
1.294870859105628491e-01
-1.437067492639632071e+00
7.637759130832206811e-01
-6.071498553823078542e-02
-1.139542063649409270e-01
-7.793666826359237076e-02
6.720249735031252669e+01
2.426210867197224896e+00
-1.350092046215193342e+01
1.594184464281220570e-01
-2.540875440242814504e-02
1.610929266407102034e+01
6.063764213088854049e+00
-3.626413684211133304e-01
