-4.119599819297897092e+00
-3.927857853527202181e+00
-1.215938091715474023e+01
-3.745682609963280285e+00
-1.292009591085636622e+01
-5.086592467620679514e+00
1.231894693914227235e-01
5.254782091058732618e+00
-1.009939489671792856e+01
-3.417199921615009295e+00
9.942513675207219848e+00
9.230914412691635818e+00
2.315094481369299118e+01
1.813535274145953125e+01
1.394763526059670156e+01
1.562534759664515249e+01
-2.439230345531196775e+01
1.117189141646720785e+01
9.415091777253406846e+00
1.627845321661853362e+01
-3.979899380923726415e+00
-7.198899760399469550e+00
-1.578132570048466521e+00
5.881200947706926030e+00
2.362907969378614226e+01
-1.858514841674432816e+01
4.276384507380468136e+01
8.851605019195453394e+00
7.110112154311122090e+00
-1.105195122695687759e+00
-3.742593054045947110e+00
1.730322183928311830e+01
2.720220610433797148e+01
1.337252291988661357e+00
6.741756572962448502e+01
5.023467430668409861e+01
-7.381945003536367622e-01
1.016969112171432776e+01
-5.347645813266924009e+00
7.117226665156786680e+01
-2.823217095009046052e+00
-8.865181732878275156e+00
-2.563376961775733598e+00
2.609653798869246977e+00
-1.104280494883379760e+00
-1.661806700460593333e+01
-1.342794607446448474e+01
-5.879103035433214108e-02
-2.088184115775883143e+01
3.257676712944856945e+01
3.673632908027906296e+01
-1.221519932460402913e+00
-5.796262573924586547e+00
-4.862101435307157604e-02
-3.163802661116352155e+01
-5.283806955695147423e+01
5.124934737362952575e+00
2.382728336516290994e+02
1.021185675203684973e+00
2.466120446322176107e+01
3.839189639756338757e+00
-2.507458932464110291e+01
9.909658522152270166e+01
-1.349759001554002857e-01
-1.643472621248074361e+01
1.408534945575379425e+02
-2.299143962375266881e+01
1.961816794920488860e+01
5.433129848830891007e+00
5.223292415580116455e+01
-2.359829695452447496e+01
2.256448286866562114e+01
2.404010207544763489e+01
2.332176588851088184e+01
4.168964638229245345e+00
-1.142300725775083903e+00
-4.424911501518535850e-01
-1.211887138790413321e+00
3.823246349410043265e-01
3.635053790246421390e-01
4.329830436425884166e+00
2.965558911372526474e+00
-1.306420905872296201e+00
5.239806215393126854e-01
1.458329197698808457e+02
9.102439762896185727e+00
-7.302685426409432523e+01
4.385313470902998390e+00
-2.281504569772846835e+01
2.364458489517483031e+01
9.288605685652314703e-01
-1.091702035282995364e+00
6.423886676018952802e-01
4.852197343874561142e+01
2.228168046609846442e+01
4.049615823851006269e+01
5.031551315894849941e-01
2.907359175420033970e-01
-1.097974977893538906e+01
3.450595399998496760e+01
3.619495108560954577e+01
