1.071749295835584424e-03
1.121499413137348744e-03
1.052531259321666784e-03
1.700386144947554521e-03
1.133415091834435269e-03
1.965507949410906247e-03
1.777434315836851292e-03
1.554356513895936232e-03
1.252695145309676685e-03
2.726565744375480764e-03
1.759071971471790237e-03
2.378298359382917566e-03
2.034164648652016846e-03
1.737603180460243861e-03
3.347853076093556396e-03
2.269593088636079250e-03
8.723004250272114578e-04
3.437812663672939681e-03
7.074760275907984210e-04
1.532251978346018447e-03
1.931550480740813454e-03
2.163715294921965838e-03
1.551605258305074550e-03
3.662254911157553691e-03
-7.381478486555832861e-04
1.537426439583559163e-03
-2.861813715091473962e-05
3.929592433702997975e-03
5.264668761702897062e-03
7.429789080635768473e-04
-2.259050726760558712e-03
1.874614644101402130e-03
1.840556336663544835e-03
-1.412486478873755530e-02
4.737899463546471450e-03
-3.424335391310058280e-03
2.051370620641439560e-03
1.059414192770595118e-03
7.179648496192648013e-03
5.525363234600978550e-03
5.911299409277333446e-03
-7.244708089380009347e-03
-8.512115899514560062e-04
-2.328940999652172068e-03
1.925465498637913848e-03
4.101426116953481326e-04
6.218053245554516252e-03
8.810943981625764948e-03
6.066942691091212550e-03
1.329856626646071325e-03
-4.037364939833256242e-03
3.089615406588554474e-03
2.467761147605619741e-03
-1.144856376161576799e-03
-7.281326997083384031e-03
3.946023641608925603e-03
5.019171304963894638e-03
-4.525190052142321825e-03
1.936538572931215075e-03
1.255587172879581506e-02
6.481672509458589852e-03
5.083335022228282173e-03
-1.077571852772137538e-02
4.580733846245571041e-03
-2.781355343369939798e-03
-7.417315743303789892e-03
6.153721449303386180e-03
-6.153264746784316112e-03
6.247639128116047429e-03
-6.555652336522175931e-03
-6.901864688173358318e-03
-7.895287632074376311e-03
4.340183263632566360e-03
-3.755097587949047730e-03
2.341172148347870317e-03
4.372955712953698233e-03
1.543989895857236002e-03
-1.709588866774967506e-03
-8.419651678435342845e-03
-2.069042829513071616e-03
-1.167094385309077817e-02
7.212168038148765101e-03
-4.915861988658342362e-03
-2.412610465952453199e-03
-2.231595712581957089e-02
-2.355126612165655067e-02
3.692272257877681364e-03
2.479952917241252247e-03
2.482917264744138354e-03
1.240332968047462223e-02
-4.932016722981645042e-03
-1.246566266923050670e-02
-5.389918541465095470e-03
1.027936950160139758e-02
-6.291764820376579206e-03
1.388160767646733768e-02
6.899007690634477094e-03
6.109788285277240744e-03
1.420003503825218935e-02
7.108649953743995109e-03
6.065941859232080492e-03
