-5.601717496181914113e-03
-5.258187473996528763e-03
-5.715499462566097158e-03
-5.709476717215724965e-03
-5.299949128402136993e-03
-6.551296280296537572e-03
-5.418771520979959871e-03
-7.243468811146943319e-03
-6.616144005899086793e-03
-8.957942637292408070e-03
-5.649494949226296220e-03
-4.066181349987223539e-03
-5.401949057543941474e-03
-3.771917846801452808e-03
-5.499036359953511123e-03
-4.422495861041095440e-03
-7.730648956522421719e-03
-7.974450310558413302e-03
-4.920495281035648302e-03
-8.791675861290582789e-03
-9.397092037514528928e-03
-3.446387481909871358e-03
-6.202411474939393925e-03
-3.992127822262396021e-03
-6.988886394098167872e-03
-4.033224569249204382e-03
-5.941358104507359246e-03
-5.679333735949585078e-03
-8.828632956064692144e-03
-5.619127315821348043e-03
3.855638409513941628e-03
-5.884378496037457641e-03
-3.697983886722100433e-03
1.668436890401663562e-03
8.573671517746147598e-05
-2.371015852999358835e-04
-6.655823485973005708e-03
-6.392154084333155628e-03
-2.478195700602189421e-03
-1.037702280932273347e-02
-4.580514385028903665e-03
4.506027988157629630e-03
-7.327960441393360780e-03
7.432874456349099906e-03
-7.437176745166649942e-03
-4.663737805531659869e-03
-4.376900352436507470e-03
1.758117537614374906e-03
-8.308913007276300458e-03
-1.367329599292311983e-03
-5.811619991935502126e-03
-8.207572716042098662e-03
-1.040677027373447527e-02
-3.340079529707671094e-03
6.314710250003124394e-03
-3.284327971582473842e-03
-5.165647024975027896e-03
4.822687051742060270e-04
-4.370233401088187246e-03
-5.745518639634470846e-04
-3.151815980354969165e-03
4.859798151219531064e-03
1.216695825998061024e-03
-1.411442439914713980e-04
-5.903744700740064764e-03
1.156981872518294402e-02
-8.487718834131730700e-03
8.766435451238138374e-03
5.719299350197323134e-04
2.459913248356574334e-04
2.910164155698741033e-03
-1.115106066939367327e-02
7.113024642764854272e-03
6.734344004952617924e-03
-8.565428056128088219e-03
-3.015099440598487850e-04
-3.554839572860018278e-03
-3.302311776975793648e-03
-1.399245401368330241e-02
-5.279466792006960903e-03
8.910419465434214759e-03
-1.224096780101604012e-02
-2.801635637716068557e-03
4.883690579996718614e-03
-2.465753433468312328e-02
2.966454148804923774e-04
-1.016139705289067878e-02
-1.734314332446873150e-02
-7.699666415184930682e-03
-2.347835766347019636e-03
-3.969488732977300566e-03
-1.084849527169135799e-04
-7.098657152868980032e-03
-3.650868322799275846e-03
2.942282392892170417e-02
-5.220008584715549356e-03
-1.931228217823773366e-02
-7.588375445856709693e-03
-1.651563902456924804e-02
3.840726839353794837e-03
4.520997969107884776e-03
