1.172926349560223791e-01
1.185247200163633274e-01
1.181930381316792789e-01
1.177179403777885019e-01
1.180002860349804589e-01
1.196234249174151221e-01
1.183206577866837278e-01
1.233351515961877143e-01
1.207497358059540504e-01
1.223452774680247185e-01
1.258300788075066290e-01
1.267159383250014426e-01
1.264167413781306648e-01
1.247462585370459898e-01
1.322788195967428693e-01
1.321737433762335545e-01
1.345273929897265741e-01
1.349409501503409659e-01
1.391431405953715006e-01
1.409994782510164413e-01
1.408317898638857257e-01
1.460581786833192175e-01
1.456397327928686813e-01
1.496157286282092380e-01
1.530881396901155600e-01
1.528154862924588075e-01
1.566541183754305566e-01
1.585335075119737314e-01
1.631684747860521201e-01
1.655761050950171898e-01
1.647617344232051029e-01
1.699031929387205264e-01
1.733800522837454228e-01
3.449561283730669947e-01
1.790573246321541800e-01
1.775132032089968837e-01
1.878368043331609116e-01
1.867924515905797500e-01
1.973722991000254612e-01
1.916951534202668839e-01
1.995579005358115721e-01
2.002329952357976284e-01
2.011609950416475279e-01
2.010110726405521242e-01
2.067884422523534327e-01
2.114440066954837438e-01
2.175161550572731195e-01
2.163162716844277134e-01
2.143495246622071082e-01
2.221653270207242792e-01
2.244809887147783400e-01
2.257520936158197988e-01
2.348201096741093230e-01
2.318864932972255488e-01
2.378566083464091485e-01
2.403082791263272122e-01
2.431554346387782561e-01
2.421973804195353130e-01
2.489677520607936345e-01
2.567133661229487052e-01
7.382475954888239045e-01
2.570903956060808793e-01
2.658910620377481493e-01
2.629110538497027583e-01
4.832307815459552236e-01
6.964785330949062603e-01
2.669129272692817856e-01
2.817484294148739910e-01
2.803361869657889360e-01
2.780728916146336105e-01
2.741764732239498348e-01
9.195658690703246707e-01
5.347899785419373275e-01
5.216418424825659539e-01
2.920938852073570735e-01
3.569948630338268258e-01
2.966814150800911598e-01
3.084124104659111132e-01
6.221172639013424766e-01
3.119303546747428935e-01
3.132269777477316719e-01
8.890094990795035512e-01
3.250146227191614834e-01
3.187312255689959128e-01
1.293874263990205664e+00
5.384532711841880648e-01
5.987323409765274995e-01
6.420635579617102184e-01
3.282517736692528443e-01
8.896836752676018367e-01
5.007836515791782572e-01
3.478419044784706315e-01
8.653025678767392037e-01
3.418959545030961777e-01
1.267707882249571538e+00
3.659534674963999534e-01
7.145460802793950350e-01
6.004840216357180127e-01
1.112772005263270580e+00
3.699915456567832717e-01
6.936316705971137253e-01
