5.599532164731111511e-03
5.242068835847947181e-03
5.706702500899552867e-03
5.752154226380995321e-03
5.357340929203432446e-03
6.596937287713384133e-03
5.323844913047687255e-03
7.193991752215918301e-03
6.611009743873902736e-03
8.973468235459547762e-03
5.772236357446244512e-03
4.074022035071051158e-03
5.511407770781484063e-03
3.818308504613731301e-03
5.500041987923193557e-03
4.430303427306671836e-03
7.744568457580980336e-03
8.069630395342326096e-03
4.806307031405322033e-03
8.974601356363996058e-03
9.295648425782425048e-03
3.451803860812819279e-03
6.215656402096464590e-03
3.985623616971446792e-03
7.048398473134199343e-03
4.147111955207886946e-03
5.801653397997361128e-03
5.649586120478080481e-03
8.670400982455545719e-03
5.495041445611331676e-03
-3.836120350702025734e-03
5.463906072973701011e-03
3.560014820770950137e-03
-2.050932922041273729e-03
-3.677458495247816809e-04
2.437175850591579785e-04
7.035511381802460676e-03
6.295917725822511302e-03
2.588012011711075464e-03
1.047892155281286361e-02
4.423417259895027175e-03
-4.533692922542333081e-03
7.411090847417773492e-03
-7.568071129550268950e-03
7.554565232563489365e-03
4.617403687270413282e-03
3.922672261424579344e-03
-1.555242647217027667e-03
8.204233166517882828e-03
1.350231764235390163e-03
5.614063724530918634e-03
8.255761092681257116e-03
1.054878104164192962e-02
3.165766165016944099e-03
-6.404234264353925871e-03
3.252609118598934982e-03
4.863172828541549413e-03
-6.875173090197905616e-04
4.228870983102201234e-03
4.557206401132687674e-04
2.205730014115545902e-03
-4.343845679520075449e-03
-1.079964536207293074e-03
-4.778016671325712741e-04
5.802143492670685555e-03
-1.160616860580978779e-02
8.451506190501055157e-03
-8.798442629232723286e-03
-7.194989717790700300e-04
-5.997460457792855954e-04
-3.087780543505689711e-03
9.622705129804461077e-03
-7.600327530307766921e-03
-7.087117958312238140e-03
9.255663918669379195e-03
8.770168468884161593e-04
3.439103967202635902e-03
3.061376194953430770e-03
1.375455928050513948e-02
5.207024804553219387e-03
-9.025467451941562858e-03
1.284258977301891425e-02
2.535739366091708993e-03
-4.794860122021849837e-03
2.468260064009278679e-02
-6.693573997720118083e-04
1.053900677126354268e-02
1.732680195978941046e-02
7.164135238062889141e-03
2.327360618182596798e-03
3.926911217830201736e-03
3.323365639836658916e-04
7.612744576498570517e-03
3.490215006036555007e-03
-3.021896102851405128e-02
4.646343648138503632e-03
1.927241551512220638e-02
7.943318653345330521e-03
1.504187406417037062e-02
-4.425034672095744075e-03
-5.417686453915096165e-03
