-4.232475986522115925e-04
-3.664781690954333989e-04
-3.862024980186115793e-04
-5.932895598590603612e-04
-4.965821032664519998e-04
-6.142478059076967537e-04
-2.355377738427978293e-04
-6.394364961023451394e-04
-5.814085321185636767e-04
-8.978184968243998598e-04
-5.824054787459992562e-04
-3.308625106707510383e-04
-7.997565147195458395e-04
-4.627533778050716166e-04
-4.763298588415252948e-04
-2.109472326706998571e-04
-5.990604095475746734e-04
-9.207194081722087789e-04
1.400779509281633141e-04
-1.247974002930923735e-03
-1.154962496403390878e-03
-3.158424706391439111e-04
-7.302453410623483115e-04
-3.145240947677795606e-04
-1.126755738115567266e-03
-4.873019521935876381e-04
-7.412876854463117766e-04
-6.032591156525075144e-04
-4.098525159389886270e-04
-8.797338314758003765e-04
9.861033740731666494e-04
-8.972296852749581282e-05
-3.972950672425430599e-04
-1.911039843868024514e-03
6.583380852062646355e-04
3.230049523648090845e-04
-1.557489075330495756e-03
-1.201598710219289531e-03
-1.057623676488925798e-03
-1.741334246327610417e-03
7.269078057103497005e-05
7.928467771556458720e-04
-1.076741422960169258e-03
1.141372109952383009e-03
-4.314781607227620897e-04
4.150449905727475724e-04
5.042606407887242469e-04
-4.877987016645632108e-04
-1.151607466948185136e-04
3.356128030173515593e-04
-1.250630193556443196e-03
-1.133071749710293447e-03
-1.022269173459828227e-03
-3.461929479456416284e-04
1.081685799877532246e-03
1.347158258239190224e-03
-1.367392411498403646e-04
1.522588263865773698e-03
3.337944779515031866e-05
2.883301620778348762e-04
-1.418250130196081369e-03
-7.030574629752493797e-04
5.748615563794102871e-04
1.657983040155534523e-03
-2.018657893451493868e-03
2.178761935600503734e-03
-2.099603393961049346e-03
9.519635003360761788e-04
3.036538370282799407e-04
3.035102137566094717e-05
7.915073659184314022e-04
-1.908407912230924465e-03
2.656654115373525017e-03
7.281230208334273308e-04
-2.796650589254611168e-03
-8.878768254553671534e-04
4.510609313617590182e-04
-1.170657539558180114e-03
2.295793502070511867e-03
6.184438867632734756e-04
2.502371613052413284e-03
-4.793620278987845151e-03
1.355445344510335885e-03
1.661979235482195002e-03
2.120040297161986977e-03
2.004611616896641031e-04
-3.146688512597562402e-03
-2.948704480514297965e-03
3.161578459601950314e-04
-5.658507209260994287e-04
-1.795850974440337271e-04
1.083693600567875724e-04
-5.059020401804515885e-03
1.627653906355889602e-03
-5.889880884647878505e-03
1.369550787963855600e-03
-1.765765142911216367e-03
-9.355269336862419294e-04
-1.208183524096208099e-03
2.292824045520453023e-03
5.451253068436446051e-04
