-9.590764096830344627e-04
-1.008436289910005649e-03
-9.125371069449298485e-04
-1.587528275161186097e-03
-1.032907885453120123e-03
-1.812678582913881519e-03
-1.659730753271435998e-03
-1.401522929690655721e-03
-1.151882918959229798e-03
-2.606684217824435310e-03
-1.600912423057134371e-03
-2.152332178403335797e-03
-1.981554783734185143e-03
-1.577641513291182847e-03
-3.244722619210710715e-03
-2.102778253581565060e-03
-6.605680937973283521e-04
-3.350030624493885792e-03
-4.905390075832765772e-04
-1.522095638105933763e-03
-1.674827439387083618e-03
-2.033163439003870740e-03
-1.406504936443827257e-03
-3.722926025540448762e-03
9.093660438775163059e-04
-1.334738311460285107e-03
7.510356200032509099e-05
-3.818209807508608951e-03
-5.105560251699882597e-03
-7.940476982313184485e-04
2.320456121119559515e-03
-1.867149758426119022e-03
-1.791222256121804621e-03
1.452333854606848232e-02
-4.566243950118680991e-03
3.538574062843994391e-03
-1.826468958971805756e-03
-1.142010335272063311e-03
-6.996983752828449775e-03
-5.591766467338019596e-03
-5.798574303189188948e-03
7.235408711403803518e-03
9.986016246731049123e-04
2.867521982542221241e-03
-1.795687562990375911e-03
-3.650024569898780813e-04
-6.026846718747931597e-03
-8.676993761590267445e-03
-5.961416819611502563e-03
-1.143998856484182642e-03
4.278682187725368902e-03
-3.058886302583020949e-03
-2.262850490980750692e-03
1.232421658612257867e-03
7.283377805731553259e-03
-3.647177965416479543e-03
-5.004618576225554859e-03
4.607707224395190745e-03
-1.660850866631525180e-03
-1.248836068945047111e-02
-6.272849370974476445e-03
-4.857994091227404998e-03
1.096457951764810007e-02
-4.456990837976983026e-03
2.557981914709942309e-03
8.207687118547567565e-03
-6.314633934807797194e-03
6.334267463346822044e-03
-5.847112719887718676e-03
6.669917535998762768e-03
6.991720936825525021e-03
8.140022803643046437e-03
-4.131324572324105229e-03
3.329277291853302220e-03
-2.946590627526131986e-03
-4.050138670955823889e-03
-1.955345984608379897e-03
1.556795963620609229e-03
9.315603179973352618e-03
1.933171384373344372e-03
1.211502662284920026e-02
-6.855875939783444631e-03
5.392907552038193539e-03
2.396482879193692801e-03
2.087073647130976983e-02
2.328859553045177153e-02
-4.009671821454814135e-03
-3.647855839623227910e-03
-2.133697721207911905e-03
-1.213393638839434761e-02
5.818737259314679146e-03
1.268364154945508457e-02
4.668261242142791867e-03
-1.018803015299947837e-02
7.357952226541083704e-03
-1.385651340911216167e-02
-6.709617123270353312e-03
-5.125552724456473343e-03
-1.468885081370027886e-02
-7.053077890189117342e-03
-6.220430152178405177e-03
