-3.926605385911045203e-04
-4.126421327468976323e-04
-5.261591706919890822e-04
-3.755608819506910155e-04
-3.680114700465951906e-04
-3.865979230277162971e-04
-3.858358162801842420e-04
-3.964217906132679872e-04
-2.415882617889408314e-04
-1.074147451809742709e-04
-1.648068662941578081e-04
-3.450877774569144373e-04
-1.427801287712266514e-05
-5.955069714696891846e-04
-1.729049146003579153e-04
-2.373247706627170934e-04
-7.484291224508002587e-04
-1.836694385875232866e-05
-3.689056960288830678e-04
4.438981884262405641e-04
-1.953004441972099156e-04
-5.033174205510049150e-04
-2.117576519051100252e-04
7.922914470975382260e-04
-6.321839014145958814e-04
-1.254519088932687550e-04
-8.845656435076114539e-05
7.232102297242090118e-04
8.271607495109090276e-04
1.533241101046058097e-04
-5.763147798689370865e-04
1.512395727017254053e-04
1.490554103949721714e-04
-1.757642391411544467e-03
4.081938435510072032e-04
-3.867281711395331289e-04
-2.688663040970492831e-04
3.976583311653681925e-04
8.433985503479360379e-04
5.349093863077666704e-04
2.419113558204126664e-04
-8.983027663783654110e-04
-2.337147681664623975e-04
-4.152302573406526330e-04
-7.230964711035324901e-04
-3.130952255053916461e-04
-8.697981465668809151e-05
1.050613950437567562e-04
3.396795486681315019e-04
-1.784948606893870459e-04
-5.646145960849904616e-04
1.089710711464145438e-03
3.260659987865099896e-04
-8.442983439226112554e-04
-3.416988125747021663e-04
-7.325356677113501651e-04
-1.765844842643915285e-04
3.575681934482727027e-04
-5.254590765032264273e-04
1.705492332988972843e-03
4.080150849263344272e-04
-1.104642565524957781e-04
-3.418161284270893247e-04
-1.351495062174962419e-04
-7.504480596874285787e-05
-1.061349558052317957e-03
1.560890617930650115e-03
-1.630146420922819238e-03
-2.827694414883075033e-05
-2.765593559087018761e-04
-1.419508697552006706e-03
-6.162527797775938085e-04
5.707460480656920652e-04
1.191898585962237545e-03
1.560683000702948759e-03
3.213449103484727030e-04
9.597764791625837096e-04
1.343841728705715910e-03
-6.625972735098568109e-04
8.897319897673512315e-06
-6.126175076300723965e-04
7.367315495777968090e-04
5.449042615014228642e-04
-4.756056999117616157e-04
-2.574202624685779711e-04
8.869968722486606992e-04
1.728042564206948685e-03
4.324580586866728568e-03
-1.105841698809681764e-03
1.330052109552983192e-03
-1.141801757780818577e-03
-1.843959494251878623e-03
-1.322818639668329609e-04
2.070474199545124447e-03
7.435291010988605981e-03
1.784032267634448089e-03
1.386995604621043795e-03
-1.830759511667702836e-04
8.075648976777274890e-03
-7.044507647585325624e-04
5.732131400162916810e-04
