1.499405670166015669e+00
1.523762470483779996e+00
1.545052212476730302e+00
1.564548969268798828e+00
1.581495207548141435e+00
1.603562861680984497e+00
1.627106767892837480e+00
1.653863978385925249e+00
1.674664211273193315e+00
1.701619166135788008e+00
1.729589444398879960e+00
1.749733555316925093e+00
1.803176951408386186e+00
1.830456852912902832e+00
1.871151286363601729e+00
1.911323547363281250e+00
2.003221565485000522e+00
2.094598543643951594e+00
2.146791493892669767e+00
2.269785016775131226e+00
2.419017612934112549e+00
2.513900089263915838e+00
2.716828072071075351e+00
2.767216467857360751e+00
3.108510255813598633e+00
3.330300724506378263e+00
3.419281613826751887e+00
3.875519728660583585e+00
3.915751063823699862e+00
4.169805848598480580e+00
4.423351573944091619e+00
4.685729062557220104e+00
4.870736265182495472e+00
5.300674545764922918e+00
5.667521047592162908e+00
5.690279221534728649e+00
6.006973576545715510e+00
6.235528087615966442e+00
6.721938109397887828e+00
7.097534108161926092e+00
7.191384983062744318e+00
7.179959201812744496e+00
7.895561480522156117e+00
7.952125048637389781e+00
7.999341368675231934e+00
8.034272170066833141e+00
8.815105295181274059e+00
8.847094988822936656e+00
9.854107427597046609e+00
9.175353240966796164e+00
9.612576770782471414e+00
9.638696265220641379e+00
1.026575150489807164e+01
9.980124354362487793e+00
1.036039767265319789e+01
1.104199736118316721e+01
1.105892720222473180e+01
1.114341306686401367e+01
1.157267725467681885e+01
1.134526190757751429e+01
1.150384619235992467e+01
1.149609122276306117e+01
1.179851293563842773e+01
1.213547632694244349e+01
1.216530432701110875e+01
1.250145916938781809e+01
1.237078156471252477e+01
1.289635338783264196e+01
1.392294249534606898e+01
1.358491535186767507e+01
1.402387781143188406e+01
1.260429105758666957e+01
1.392355880737304652e+01
1.379625377655029261e+01
1.349585423469543422e+01
1.475370230674743688e+01
1.363255639076232839e+01
1.424199242591857839e+01
1.405485892295837402e+01
1.460577902793884242e+01
1.490836701393127406e+01
1.535699429512023961e+01
1.502101893424987722e+01
1.536911873817443919e+01
1.457555093765258825e+01
1.568830118179321254e+01
1.561010131835937464e+01
1.559854873858000168e+01
1.525726933479309011e+01
1.523127126693725586e+01
1.553199653625488352e+01
1.599304842948913574e+01
1.589447612762451101e+01
1.656600691142834947e+01
1.557246794700622594e+01
1.559196102619171143e+01
1.614169697761535716e+01
1.648034939765930318e+01
1.707259680095471666e+01
1.640135469436645366e+01
1.615142551221345713e+01
